TE,0,1,2,3,4,5,6,7,8
0,0.0,0.07516561202302151,0.0736381321558634,0.05530491886953946,0.05037666720038399,0.03858806890313986,0.10852909619187864,0.060602124320987716,0.03520994141168808
1,0.09050367583154477,0.0,0.06634363537738967,0.049724641486395514,0.06455701536656461,0.040464341795561534,0.09753545341850607,0.06275182646259718,0.046137914155898074
2,0.09774228773069002,0.08401351744991886,0.0,0.07337720960077135,0.07676794345477035,0.03215549161761918,0.09721772724430502,0.07214456103989514,0.039722600918905254
3,0.07509278811320792,0.07536149858536245,0.07182835814072924,0.0,0.042620739136508545,0.03540324242176136,0.1304371086667465,0.12025856182520253,0.059777688358523484
4,0.09444029986071195,0.08132879826706053,0.07825812968160127,0.05480046839464933,0.0,0.05522133509656311,0.08663882794244906,0.053838549971527205,0.04715559799321778
5,0.04938052480891367,0.04105024627924956,0.04081997502916381,0.1006551306820215,0.10449687039597509,0.0,0.089219919593021,0.08381543018508185,0.03052107731455566
6,0.09357341855581984,0.06845274462260703,0.05796050321766927,0.07382616007554403,0.10709165170456829,0.07803954703005674,0.0,0.09594922907263029,0.03148339249482862
7,0.06980334200597577,0.0499543430502576,0.03436125639978973,0.08608148706565347,0.0982867468372882,0.06663569861696178,0.0846983794715367,0.0,0.04494942745806977
8,0.06237469484827027,0.034456165549253015,0.030011932843107422,0.09062070924539622,0.10357397120214584,0.04732513222620992,0.09107980947209143,0.07281973855534096,0.0
