TE,0,1,2,3,4,5,6,7,8
0,0.0,0.0674507470520793,0.07774090317519289,0.03927326388128932,0.02670309867178249,0.037503736367122786,0.08342249316899181,0.06123311686601094,0.03831590891679107
1,0.016597025959050687,0.0,0.045047465897281716,0.033016705451483094,0.025901230136308073,0.03455502906879267,0.06661831661491184,0.07587503159913908,0.04629097060285198
2,0.03616678873331418,0.04233632914506475,0.0,0.04746552738007043,0.014638240324516036,0.03837638258246977,0.08015169591052666,0.07960335031729338,0.04703794856158623
3,0.05090587654755845,0.04597269500208322,0.052039747814756065,0.0,0.01741011078433229,0.0561234518243776,0.08145763862680327,0.10114731964493515,0.06913709890187833
4,0.059190875437200356,0.03954713604836247,0.06407507227826811,0.03860111935350943,0.0,0.05314201063698794,0.05787693875877973,0.06376272543052676,0.05837895661479823
5,0.048743047295712515,0.015824093464315132,0.03921954821270823,0.03113824211343618,0.03582796910164592,0.0,0.07557549527123839,0.06734330642064368,0.0328603265943266
6,0.07364438501750074,0.042638661507091495,0.03900646788715713,0.03429907822995492,0.03564823136390722,0.06645032605248842,0.0,0.08586926758077294,0.0511783264101152
7,0.04855075925516939,0.03952912920883297,0.024375978882508222,0.035110029256974984,0.031493219523778364,0.07068348370724684,0.07050295428678321,0.0,0.06128137979378652
8,0.045274533617480225,0.025186446780720784,0.03546760706009652,0.04299632498206561,0.027101169119577363,0.05045393796884781,0.07464261259880234,0.057349367231476156,0.0
