TE,0,1,2,3,4,5,6,7,8
0,0.0,0.0864130176656771,0.06600589191417564,0.07494337355116204,0.08331406347801475,0.03207479835968984,0.10477176758843863,0.054598475296678786,0.03568855821155678
1,0.12732832155270074,0.0,0.07628844825137955,0.05343672634893037,0.07665499052488517,0.04068053242169653,0.09223957812321493,0.05303462981212995,0.044314889505194154
2,0.12445370278057837,0.0963517611583622,0.0,0.09368145198977006,0.09858125386693499,0.024994912642356835,0.09409897023295848,0.06918128672272945,0.03607877980711702
3,0.11285251428022228,0.07493354691169654,0.0722297744248204,0.0,0.06027622285407526,0.03827272571115825,0.1312993797551848,0.14557790780713495,0.055496319731400456
4,0.12644205860414662,0.08158269176782407,0.07430345581827721,0.06250332407476225,0.0,0.04347995673643599,0.08098176552510188,0.05646246970202999,0.04501686964752955
5,0.04494931284392796,0.04929355085649334,0.03388798615859952,0.1493500963338222,0.12293538852827846,0.0,0.10728694214519706,0.09987039520289556,0.029051550176599977
6,0.12966789397387918,0.06289825248326848,0.055044460766263334,0.12243795441909458,0.14517430768799697,0.07187953240573186,0.0,0.11250005346474443,0.028979527619149285
7,0.07700754081879799,0.046846263978217194,0.022750927659012612,0.14106404860324054,0.13835129071705501,0.051309545583873774,0.09798001205720386,0.0,0.03844206655140997
8,0.04741204219295023,0.039981144481214106,0.03252423722119948,0.13183488337587865,0.12951991856402598,0.038404035166145496,0.09679053773051,0.09062001855591506,0.0
