TE,0,1,2,3,4,5,6,7,8
0,0.0,0.09760828313393194,0.03481271133475902,0.11245149723337222,0.14644384804925512,0.05219933228635103,0.07551799427064114,0.044429065708761935,0.04111722824188436
1,0.18991708912252486,0.0,0.04350443429733619,0.1400717226391718,0.1646899971404935,0.05133345390900189,0.07429873968031975,0.07257475315048936,0.04252661039380997
2,0.11861368321248329,0.09065269734599868,0.0,0.11520782382681603,0.09885293686146218,0.039101957827433864,0.09255332211905512,0.08295308626933706,0.03336361286292237
3,0.1352727710621112,0.10812580498220567,0.05095523952843346,0.0,0.1578417770446885,0.03033424258798305,0.07171915980221372,0.04152232105914098,0.051283732928932915
4,0.16929909297158083,0.11188247693921127,0.04683797483824675,0.16661346607102437,0.0,0.053128061389625544,0.050509906513682604,0.04280566764455186,0.045498378855704735
5,0.06960837928236593,0.048535072069375504,0.029903001528848637,0.07574866186710477,0.09025143102109973,0.0,0.12917970715350696,0.09136459739322636,0.06288178154082347
6,0.07252848149928572,0.0649756180420312,0.04643260795492657,0.06963793601466048,0.07469204668151008,0.05563427050471713,0.0,0.0646892407041298,0.03312840065394052
7,0.05475856168590631,0.04951421444862921,0.0523687476382542,0.06510847904654399,0.07645771200404433,0.04234656141770517,0.09179685200592595,0.0,0.03300577658417184
8,0.07646682520684285,0.06384450100123439,0.03528525981394796,0.10551448584494165,0.08033874278417445,0.05930503063183397,0.11817994136884163,0.07727696092425916,0.0
