TE,0,1,2,3,4,5,6,7,8
0,0.0,0.07363538775426089,0.0860633648343818,0.03817636589145774,0.046570976063119905,0.03531080021105435,0.10749429091097472,0.055120189977403936,0.038606433641199686
1,0.029314301805222424,0.0,0.07422647698998419,0.038709455432198926,0.039222350860939885,0.03770125111269748,0.08877248160887874,0.06869665665130774,0.050582834175589
2,0.04448326747104617,0.081895785259136,0.0,0.0551323594470198,0.03623260440035263,0.03656409317379014,0.09641223823120905,0.07851083194837323,0.04490522343399328
3,0.046239037988983746,0.060822327638107826,0.06779318999950246,0.0,0.02691528994454442,0.041294097572929664,0.11525991012667226,0.10610452080650443,0.06992509610102421
4,0.054916770749107474,0.06272194845162626,0.08758149034454311,0.04092325605651081,0.0,0.057889879491105536,0.0783903519884518,0.05702488668093818,0.0558736016233125
5,0.04848837646328384,0.023620724155728155,0.045822318642261314,0.05210128303081381,0.05811751717782304,0.0,0.07965730694842987,0.08517605501648115,0.030586897200780762
6,0.0707210917825199,0.06456988599406556,0.05202280941371373,0.05193974746994183,0.06914688228445759,0.07459211065018134,0.0,0.08233400801539818,0.0404177877881788
7,0.043358382692601366,0.04708657802791691,0.02744786281082514,0.05338013372164192,0.05001616731634572,0.058516739734157275,0.07111177929490467,0.0,0.06041277505203297
8,0.04907539658705122,0.03698400333653386,0.03471092781022138,0.06017824336231714,0.049976139341343984,0.05134252523424718,0.07965636370759357,0.06046200904549483,0.0
