TE,0,1,2,3,4,5,6,7,8
0,0.0,0.12357959749910599,0.039184129362024575,0.1352145327004593,0.13490795001566988,0.034240017211469444,0.09460510062798205,0.054885905766895775,0.03497002440227591
1,0.20743415450683414,0.0,0.04527511907013415,0.15058853344249504,0.15254532946351118,0.03843282098858851,0.08571490943147167,0.057155964399783446,0.029162963877666648
2,0.1421431039712042,0.11282562213591174,0.0,0.15151762720412887,0.12457400208389856,0.025791542136157558,0.11292477510901,0.07273570853844756,0.026383821089601935
3,0.16231107067583214,0.13555321070940385,0.057523970180772765,0.0,0.11497582137107332,0.033064140893109134,0.09767197770581795,0.074710408082066,0.05167446182126225
4,0.1710310439846871,0.1376203683452179,0.05157535476386205,0.14079449928390791,0.0,0.0364281120046733,0.06907156765237649,0.04609482416971099,0.04070956811974926
5,0.0670060329953359,0.05720860195861867,0.02804099153647445,0.14260140966850982,0.11993441413442973,0.0,0.11200387535737487,0.09971951950781777,0.03704162107598558
6,0.10645938188075975,0.0635078973489073,0.03869838892527644,0.11760012140737543,0.1142021131179456,0.058133437711698724,0.0,0.07670252264975518,0.024966323022234505
7,0.08040394103824097,0.045251539661741724,0.0439962135132872,0.11442534979129547,0.108559034746683,0.044557797659620396,0.08701091136212569,0.0,0.033476785978564065
8,0.08433589541218627,0.07353007644808741,0.031976382887707454,0.15704988069791273,0.11894834282429692,0.043763197428321715,0.10625212044974297,0.07997155590325049,0.0
