TE,0,1,2,3,4,5,6,7,8
0,0.0,0.03949984655098606,0.05626157280044501,0.03076555168901096,0.015020129384306713,0.042011908174979615,0.060038929208950424,0.054224695656023114,0.03287237702005406
1,0.015471374104179234,0.0,0.023413654079373715,0.02241667900851736,0.02305239472776318,0.03466297118811948,0.05048924922458643,0.07468707426927153,0.03666626570965897
2,0.02419037915295684,0.02287379982244495,0.0,0.03623461237403837,0.013164753866932121,0.04440337618761313,0.06476983794211642,0.06655389415624886,0.04591938570769206
3,0.04446491048165559,0.0256936567477603,0.032152763215019975,0.0,0.010468272971402622,0.06432749543516358,0.07020779343653707,0.08910817269488902,0.06789908918402769
4,0.05906729761155257,0.02215134627293468,0.050606642955820985,0.035260527123078284,0.0,0.0596483894129652,0.05450609805679672,0.06329249373866706,0.058229865111496526
5,0.05279385767981375,0.008429553361151998,0.030191509473041472,0.01899748427698341,0.025449804410442242,0.0,0.05989825841760818,0.058870488535181995,0.03780064888288078
6,0.07746421354972573,0.021566364523446187,0.03411309835607847,0.015490270261154317,0.02562166833153582,0.06571500529288163,0.0,0.08022283077946009,0.0600048114033227
7,0.05943018137097256,0.029631533822416414,0.016640623196850057,0.026621030000950875,0.021574625287427047,0.07297054435927033,0.06185465871048068,0.0,0.06454703834953157
8,0.05025630168667826,0.020678984480830366,0.03463671501087964,0.029183310019140152,0.019838020194203516,0.04919439242642754,0.07229370728682208,0.050002613501959586,0.0
