TE,0,1,2,3,4,5,6,7,8
0,0.0,0.10128033162373187,0.04855931319683997,0.0997078314596952,0.1342842023563209,0.03992161092935278,0.09220291591806073,0.051388495622465474,0.03750995693863046
1,0.18639923522688331,0.0,0.05967674543610117,0.09920773958861451,0.12747142098579772,0.041226187288547905,0.09764194481596832,0.04966540710341323,0.036125710162919884
2,0.14668410380095948,0.1021884201731027,0.0,0.14010221467016767,0.13500749404733453,0.02658039528222232,0.10874736263191524,0.06680777263042018,0.031878341017584653
3,0.12392508137919485,0.0897087974645649,0.06503373573774868,0.0,0.09224389298873853,0.04033421235740288,0.13354346231490707,0.10899246815611922,0.04806586689904138
4,0.14155024442308384,0.08346878346768898,0.07107443043086775,0.094283394988001,0.0,0.04642012838625445,0.09060648612098879,0.053706677328437584,0.04484625972479249
5,0.05049313588483232,0.05519957507723817,0.03738715371976159,0.18886295176201964,0.1620118603592575,0.0,0.12222376948099549,0.12336196695407843,0.025761085943588932
6,0.12566012378197924,0.06780234240972807,0.044948647636588006,0.17314441029368313,0.15901445180090315,0.0713936102491152,0.0,0.11730772190923106,0.023915508706954768
7,0.10043498351964349,0.03575682740788486,0.039561884596521296,0.16706834403508614,0.1715588806777932,0.04773383586797497,0.09724600927231569,0.0,0.0336355984692459
8,0.05268065775545847,0.051599863370260075,0.031578012671296896,0.1874745982809471,0.16030433911975467,0.043665415300186014,0.10857224865309638,0.0939869778116656,0.0
