6.427205992954485	0.1222320739503478	0.0907073881379028	-1.2338905139297025	-0.9424023695866336	-1.1802546551346755	-0.17441875432853068	1.5426464099427204	1.0907146023051728	0.5114632960228742	-4.565261692934508	-3.4069107136468437	2.15534212203532	0.4278663380238357	-2.3974852502192032	0.9336509957185868	0.006875442704825153	1.1955550843131535
-8.371418709217751	-0.0716846919817956	-1.2794520147476691	0.8947374974112078	0.04581699789993021	0.7804035781080952	-0.7618895779567495	-4.702280444112065	-3.150955301514622	-1.7237517442419845	9.500916338114752	2.3974613545177883	-6.460069076542156	-0.2758384761486876	5.928353500874983	0.36553466331383977	1.5977756697291183	-1.782568492533603
-10.015543896356924	0.5074048879985268	-1.2324912267242405	1.2519240751980076	0.3460138267227216	1.6164329570024323	0.21684616007940932	-4.9205409399211275	-3.2897692504053886	-2.0674425329396335	10.868890221006685	3.48500711468853	-7.1485353407283885	-0.9093902745174831	5.497698008592708	0.5482325862379356	1.9652551937109113	-1.83295177308941
-9.048667377995047	0.8478028453571298	-0.663416788714523	1.3800226969353808	0.6388060104071688	1.8549210372403435	0.7951627806353118	-3.653321691317158	-2.436823439627182	-1.6388547034374727	9.320839126995363	3.732944433906358	-5.927689642277773	-1.3011743825198587	3.960290453447587	0.5118588219655951	1.8672333546050766	-1.1897505364154326
-5.918392543640685	0.9197536723697527	0.24017806461082983	1.399345644129547	1.0092254013877229	1.7071313788162452	1.05321045084259	-1.39091089281657	-0.938700514316923	-0.6775086981064812	5.591409440055202	2.9403298900048664	-3.3880741226274695	-1.2605712558038868	1.9207403979582711	0.25710013983345786	1.3019546786536091	-0.22442535365446062
1.3546220099308233	0.5676445290758582	1.6921813503208532	1.0284612755822473	1.2821694496832152	0.6434820743038765	0.5998150122307698	2.6071253436431503	1.7093642192314638	1.2332833327158796	-2.015726325699092	0.14297537228701693	1.3445066431713748	-0.6178947937550463	-1.1376312674753106	-0.16450046475489916	0.13418380586140544	1.535045820978343
5.852328519900723	0.07135587001021011	2.5988653380375513	0.8648394154695276	1.5247424946758092	-0.14882953347226655	-0.024296154808657034	5.062902009883363	3.321699745648929	2.538657242264042	-6.6461568030735805	-1.6991634343319229	4.180342267019702	-0.10292990296024679	-2.584283571388205	-0.7029031624790316	-0.7988145224453733	2.471398837734885
8.442975931927249	0.21099715019780174	2.5329931872016243	0.3352559998066111	1.1989792906123775	-0.3564697523387781	0.39662492216875334	5.749715747560641	3.7839655185588534	2.57387319723797	-9.264292737007782	-2.8837253544011285	5.922098397481908	0.43744397012348274	-4.1403793486609946	-0.40436420259318556	-1.1364314945570724	2.6681375299959242
7.469574213553935	0.04170516346494437	1.8813367679982813	0.005271026039553866	0.7199319036886132	-0.5645158401058994	0.13327282156001813	4.581835019984063	3.021251598918821	2.052925429750176	-7.972384004965258	-2.756606727196715	5.029122818623226	0.5527850091126987	-3.4533065093462154	-0.2779189914937038	-1.0202141476269502	2.103345209229144
4.913559360813386	0.1696017725514676	0.9188566654208394	-0.2705331424921768	0.16944743377331334	-0.37253789575459934	0.32142850390639605	2.6160414544344954	1.7369289459068222	1.0217013365853282	-5.184623600621434	-1.8713378664214078	3.3103505034050746	0.45620707394862614	-2.55895404028841	0.09941725451732172	-0.5649942812840124	1.2303966884644304
24.030966239040477	-0.07380441612146257	1.7821613029232395	-3.2058541564000733	-1.82998815896925	-3.871736553484102	-0.9735960658162652	7.798005712249217	5.316167812061121	3.24694607273711	-18.4363780003768	-12.325960018006263	9.231731614804314	1.7642211687005298	-8.287650616756798	1.9889297358504425	-1.009316366787674	4.738817399876359
-3.010888575081591	-0.8591584073357482	-0.07877349925826856	1.39087908833754	1.0242873335985891	0.729711310533976	-1.0675030091705022	-1.6663419547351281	-1.1180445716343614	0.07494847810907054	9.226684307799736	0.7940831633626325	-6.9679934254512075	-2.4741928990703363	4.088325165134266	-1.3112840473217708	0.4856046324903035	-1.0426387512480768
-17.628717631196626	-0.5106884377841496	-1.173819912043662	3.0185558202262874	1.9126137791242914	3.180219893173321	0.21554255174493092	-5.883554197022563	-3.9750601460803963	-1.9658593626793452	19.110711127776955	9.689532629936588	-10.663028412439381	-3.5852130552425407	7.242281979605541	-2.510777479155505	0.832540993395223	-3.7816086508490483
-3.89133864621285	-0.02703873628521637	-0.28506756847018094	0.2650940242748568	0.21963645031176032	0.7852909272207136	0.8383704146291433	-0.4208449012515548	-0.27451117108562595	-0.38776269727527723	2.305541942577548	4.629350486821646	0.8926391457288858	-0.6768338886814135	-1.0407774273583492	-1.0681823920425364	-0.7068034812340026	-0.9463258006963273
11.486791756761205	0.42420737769300854	0.4746808921601332	-2.499102905763059	-1.5591962565754722	-1.7821007920937626	1.0456575866292892	4.5458505921721635	3.0987968664033914	1.117968683663222	-13.380357778759139	-2.8375063768107074	10.338199516103252	2.155943768303613	-8.018562831192222	0.9148839044273571	-1.6565853296004995	2.0008720805202698
11.665749998456377	-0.8387973921234096	0.8614128894850472	-1.8102338662124482	-0.9840899145406453	-2.616027799451574	-1.3147002622538841	4.226549466473012	2.8093063554038786	1.9127458726263484	-12.162892255334365	-4.839090034104769	8.209230906271213	2.8189305203982626	-3.9467920739384788	0.14868915646073094	-1.8070895137818315	1.8360644632108234
9.274552449688912	-0.6240741703502569	0.1709528053606112	-1.733962989199664	-1.245040260974189	-2.345547401222995	-1.3736996733237226	2.2164786436160075	1.482003100156908	1.0188381341552961	-8.728353567355935	-4.906420405574918	5.335781544477727	2.6817554714206016	-1.9551261364399881	0.7954297284843255	-0.8820605382665306	1.2595018373648157
-0.6261266061441988	-0.3546866869467525	-0.9039505394588885	-0.3732504381931923	-0.673424289618804	-0.630602781271819	-1.080300130283776	-2.132633065626801	-1.4326619469762685	-0.7544792682152041	1.8154336566902798	-1.1749922199653549	-1.6154692139328877	1.2668202710610514	2.8468568679200073	0.6952927404128211	0.5560312382732541	-0.6940336963687775
