0	0.0
1	0.0031257712
2	0.0056983694
3	0.008246519
4	0.009015419
5	0.011541641
6	0.011617217
7	0.011738581
8	0.012157296
9	0.01228965
10	0.0127313435
11	0.014162037
12	0.021578291
13	0.027112897
14	0.027212102
15	0.029105078
16	0.03137682
17	0.0325664
18	0.036095746
19	0.038054753
20	0.042095043
21	0.046113193
22	0.047831815
23	0.061286584
24	0.06896957
25	0.09018052
26	0.10555373
27	0.107730426
28	0.109883904
29	0.1151143
30	0.11648122
31	0.1172648
32	0.12240395
33	0.12396255
34	0.12604089
35	0.13028742
36	0.1316472
37	0.13338022
38	0.14031434
39	0.14040235
40	0.14062572
41	0.14436673
42	0.1490677
43	0.149193
44	0.15243347
45	0.15702787
46	0.16031022
47	0.16701028
48	0.17487323
49	0.1750463
50	0.18656196
51	0.18832517
52	0.22072275
53	0.22181617
54	0.22731708
55	0.23583896
56	0.2381668
57	0.24366395
58	0.24578655
59	0.24712297
60	0.24718592
61	0.2471934
62	0.24781264
63	0.24816145
64	0.24896085
65	0.24913713
66	0.25283214
67	0.25284865
68	0.2536552
69	0.2554773
70	0.25662416
71	0.25736892
72	0.25974196
73	0.25977936
74	0.26101938
75	0.26126993
76	0.26266417
77	0.2658579
78	0.2707997
79	0.27178088
80	0.27184498
81	0.27436578
82	0.27699488
83	0.27898622
84	0.28182966
85	0.2821407
86	0.28323433
87	0.28335267
88	0.28899083
89	0.2892496
90	0.28968933
91	0.29430917
92	0.29452074
93	0.29756796
94	0.29779315
95	0.29927242
96	0.3035462
97	0.30388734
98	0.30414125
99	0.3046432
100	0.30850855
101	0.30950135
102	0.3118412
103	0.312812
104	0.3137457
105	0.31584075
106	0.3167921
107	0.3209634
108	0.32413507
109	0.3260273
110	0.34357172
111	0.34919304
112	0.35322705
113	0.35381344
114	0.36749953
115	0.37563303
116	0.38727054
117	0.41769227
118	0.42611775
119	0.4313388
120	0.43300632
121	0.44135705
122	0.4430588
123	0.4452056
124	0.44623023
125	0.44662532
126	0.44713745
127	0.44849044
128	0.44970238
129	0.44974202
130	0.45064956
131	0.4507441
132	0.4515837
133	0.45229334
134	0.45241094
135	0.45331684
136	0.45333815
137	0.45346263
138	0.45486552
139	0.45519036
140	0.4574961
141	0.4577268
142	0.4584003
143	0.4586211
144	0.45889026
145	0.4597248
146	0.4597871
147	0.46053505
148	0.46160102
149	0.4616318
150	0.46640414
151	0.46731856
152	0.46791527
153	0.46855506
154	0.4699052
155	0.47001714
156	0.4700715
157	0.47073615
158	0.4708453
159	0.4711086
160	0.4732098
161	0.47423247
162	0.47428557
163	0.47603035
164	0.47794366
165	0.47817308
166	0.48519415
167	0.48567548
168	0.48748726
169	0.48851317
170	0.494166
171	0.49678168
172	0.49897915
173	0.5031391
174	0.5045595
175	0.5047162
176	0.50613886
177	0.5067596
178	0.50899494
179	0.5096231
180	0.50969106
181	0.51014477
182	0.51030046
183	0.510599
184	0.5115004
185	0.5118592
186	0.5119057
187	0.5119874
188	0.5121505
189	0.5128857
190	0.51320904
191	0.51403844
192	0.51411337
193	0.51447463
194	0.51551634
195	0.51586276
196	0.51587325
197	0.51638514
198	0.51646096
199	0.5166626
200	0.51694787
201	0.51699656
202	0.51734954
203	0.5174245
204	0.51770616
205	0.5188
206	0.51954025
207	0.51970863
208	0.5221283
209	0.52267
210	0.5233736
211	0.5240296
212	0.52465886
213	0.52928257
214	0.5304434
215	0.5312855
216	0.5321362
217	0.53346246
218	0.5368535
219	0.53861153
220	0.5553685
221	0.5596544
222	0.5709372
223	0.59061885
224	0.59529316
225	0.598735
226	0.6008696
227	0.6034488
228	0.60454184
229	0.6091979
230	0.60946286
231	0.61075646
232	0.61570317
233	0.6169621
234	0.6171335
235	0.61717325
236	0.6189573
237	0.6193494
238	0.6198581
239	0.6199517
240	0.62066525
241	0.62208956
242	0.6222707
243	0.6225207
244	0.622658
245	0.6231356
246	0.6235839
247	0.6244658
248	0.6250739
249	0.6250869
250	0.6251458
251	0.62562007
252	0.62612444
253	0.626878
254	0.6271743
255	0.6272915
256	0.62773734
257	0.6280369
258	0.6281827
259	0.6286311
260	0.6290191
261	0.62907594
262	0.6290957
263	0.6296552
264	0.62984383
265	0.63038844
266	0.6306154
267	0.6316227
268	0.6323383
269	0.6326427
270	0.6344665
271	0.634728
272	0.6351756
273	0.63541067
274	0.63556206
275	0.6363961
276	0.6364984
277	0.6365757
278	0.6369953
279	0.63859123
280	0.63976264
281	0.6398928
282	0.63996565
283	0.6406399
284	0.64213526
285	0.6455189
286	0.64658797
287	0.64719063
288	0.64845145
289	0.6495729
290	0.6504012
291	0.65114874
292	0.65147454
293	0.6515216
294	0.65171564
295	0.65237683
296	0.65263844
297	0.65290296
298	0.65301174
299	0.6532719
300	0.6532788
301	0.6533176
302	0.6534885
303	0.65398633
304	0.65399706
305	0.6545351
306	0.6549056
307	0.65538037
308	0.6555945
309	0.6558911
310	0.6563093
311	0.65678424
312	0.6572822
313	0.6574375
314	0.6578249
315	0.6582798
316	0.6586003
317	0.6592803
318	0.65941054
319	0.66004455
320	0.6602447
321	0.66074735
322	0.6607922
323	0.66103864
324	0.6610535
325	0.6610912
326	0.6612241
327	0.6613957
328	0.6619323
329	0.66205305
330	0.66280496
331	0.66339934
332	0.66354215
333	0.66389734
334	0.6651101
335	0.66549885
336	0.66575027
337	0.6659215
338	0.66605294
339	0.6668607
340	0.66704565
341	0.6672373
342	0.6673358
343	0.6673701
344	0.66753304
345	0.6676754
346	0.6678339
347	0.66825426
348	0.6683607
349	0.6685222
350	0.6686187
351	0.66872436
352	0.66909814
353	0.66914487
354	0.66916096
355	0.6692936
356	0.66948473
357	0.6698275
358	0.6698306
359	0.66987276
360	0.6699338
361	0.66995096
362	0.6701233
363	0.6702507
364	0.6702814
365	0.6704277
366	0.6704585
367	0.67051446
368	0.67085415
369	0.67093754
370	0.6709671
371	0.67096984
372	0.67100453
373	0.6710296
374	0.67106724
375	0.6712739
376	0.6714607
377	0.6715613
378	0.67200375
379	0.6720882
380	0.67227936
381	0.67231095
382	0.67254466
383	0.6726206
384	0.67272174
385	0.6727482
386	0.67302096
387	0.6734416
388	0.6735954
389	0.6737028
390	0.67381626
391	0.6738753
392	0.6738854
393	0.6745083
394	0.67486167
395	0.67511714
396	0.6751636
397	0.67516947
398	0.67535037
399	0.6757354
400	0.6759146
401	0.67610615
402	0.6761407
403	0.67630696
404	0.676528
405	0.6768343
406	0.67691165
407	0.6769385
408	0.6773566
409	0.67742753
410	0.6776116
411	0.6777053
412	0.67811215
413	0.67869574
414	0.6787126
415	0.6793052
416	0.6803153
417	0.68059087
418	0.6808361
419	0.68129903
420	0.68288785
421	0.6829035
422	0.6838502
423	0.6838927
424	0.68478024
425	0.6848537
426	0.68557036
427	0.6859761
428	0.6860478
429	0.68652415
430	0.6869041
431	0.68712354
432	0.68719757
433	0.6879621
434	0.68824255
435	0.6892516
436	0.6895745
437	0.6899292
438	0.69057566
439	0.6908406
440	0.6909344
441	0.69103116
442	0.69134647
443	0.69138765
444	0.6914418
445	0.6921007
446	0.69227636
447	0.6922788
448	0.69319963
449	0.6934394
450	0.69406235
451	0.69414294
452	0.694242
453	0.6948694
454	0.69524586
455	0.69553494
456	0.69568485
457	0.6958779
458	0.6960834
459	0.6962116
460	0.6973736
461	0.69801974
462	0.6985668
463	0.6985849
464	0.69865566
465	0.6993448
466	0.7005141
467	0.701325
468	0.70183307
469	0.7026109
470	0.7033806
471	0.7044452
472	0.7047814
473	0.7048732
474	0.7053531
475	0.70595515
476	0.70596635
477	0.70598114
478	0.7070698
479	0.70759916
480	0.7078395
481	0.7080186
482	0.70887274
483	0.70908743
484	0.7096776
485	0.71059084
486	0.71109647
487	0.7112457
488	0.7114557
489	0.71158135
490	0.7138151
491	0.7139027
492	0.714207
493	0.71500266
494	0.7153711
495	0.71553755
496	0.71556675
497	0.7156243
498	0.7158706
499	0.7158783
500	0.716267
501	0.71652436
502	0.71691453
503	0.71701986
504	0.7170978
505	0.71718
506	0.7173088
507	0.7175343
508	0.71769136
509	0.7178044
510	0.7178796
511	0.71790236
512	0.71799123
513	0.7180876
514	0.71813047
515	0.7181645
516	0.71843386
517	0.71853405
518	0.71854794
519	0.7185719
520	0.71880156
521	0.7188523
522	0.71892655
523	0.7193482
524	0.719378
525	0.71950155
526	0.7195326
527	0.7195835
528	0.7197274
529	0.719737
530	0.7197831
531	0.7198303
532	0.72009844
533	0.72019565
534	0.72027946
535	0.720305
536	0.72055376
537	0.72074217
538	0.7207762
539	0.72109646
540	0.72114706
541	0.72135365
542	0.72150123
543	0.72158897
544	0.7220408
545	0.7222549
546	0.7222933
547	0.7223232
548	0.72253513
549	0.72269595
550	0.72279006
551	0.7229636
552	0.72332424
553	0.7233738
554	0.72346747
555	0.723544
556	0.7236738
557	0.72371167
558	0.7237529
559	0.72407764
560	0.724088
561	0.7244834
562	0.7248689
563	0.7249648
564	0.7251357
565	0.7253942
566	0.72541535
567	0.7256117
568	0.72565824
569	0.7257439
570	0.72600126
571	0.726162
572	0.72643524
573	0.72649276
574	0.7265088
575	0.7267447
576	0.7270424
577	0.72707266
578	0.7272431
579	0.7276799
580	0.727704
581	0.7277074
582	0.7277279
583	0.7278527
584	0.72810876
585	0.72871506
586	0.7287828
587	0.72912776
588	0.72941744
589	0.72966975
590	0.72983176
591	0.72998136
592	0.7300339
593	0.730214
594	0.73037505
595	0.73057723
596	0.7308358
597	0.7308569
598	0.7308739
599	0.73114866
600	0.731732
601	0.7321023
602	0.73222464
603	0.7323864
604	0.73259276
605	0.7328951
606	0.73324054
607	0.7334052
608	0.7335376
609	0.73365116
610	0.7336721
611	0.7337183
612	0.7351118
613	0.73541903
614	0.73545593
615	0.73557717
616	0.7368265
617	0.7369823
618	0.7370273
619	0.73708755
620	0.7375457
621	0.7378475
622	0.7380016
623	0.73835653
624	0.7383823
625	0.7389153
626	0.7389433
627	0.7396784
628	0.74064624
629	0.74072677
630	0.74114233
631	0.74134344
632	0.7413728
633	0.74141866
634	0.7415582
635	0.7419458
636	0.7420437
637	0.7420921
638	0.7422347
639	0.74265444
640	0.7430183
641	0.7431504
642	0.7431889
643	0.74341273
644	0.74351305
645	0.7437104
646	0.74408096
647	0.74409753
648	0.74417365
649	0.7442108
650	0.744399
651	0.74440396
652	0.7445071
653	0.7445247
654	0.74461055
655	0.7446366
656	0.7446784
657	0.74474347
658	0.7450433
659	0.74505717
660	0.74510276
661	0.7454248
662	0.7454723
663	0.7455201
664	0.7456779
665	0.74591124
666	0.7467063
667	0.74741143
668	0.7475271
669	0.7476387
670	0.74801934
671	0.7484976
672	0.7485285
673	0.7487458
674	0.7488125
675	0.7492948
676	0.7494441
677	0.7501516
678	0.7503735
679	0.75077266
680	0.7513822
681	0.75193995
682	0.7530067
683	0.75347674
684	0.753623
685	0.7539845
686	0.7541398
687	0.7541862
688	0.7543574
689	0.75442916
690	0.7544568
691	0.75491387
692	0.7550493
693	0.75509876
694	0.7551152
695	0.7552726
696	0.75529593
697	0.75531304
698	0.75552624
699	0.7555506
700	0.7556669
701	0.75616634
702	0.7561785
703	0.7562617
704	0.7563849
705	0.7563914
706	0.7565106
707	0.7569189
708	0.75703454
709	0.7571787
710	0.75721675
711	0.75722647
712	0.75741035
713	0.7575216
714	0.7577363
715	0.75785077
716	0.75792724
717	0.7583655
718	0.75838137
719	0.7584691
720	0.7588491
721	0.7588769
722	0.7591596
723	0.75926673
724	0.7594526
725	0.759507
726	0.75962865
727	0.7600458
728	0.76027435
729	0.76051813
730	0.76076627
731	0.7618912
732	0.76227367
733	0.76242036
734	0.7626646
735	0.7629808
736	0.7630563
737	0.7630773
738	0.76356035
739	0.76356655
740	0.7636534
741	0.7637328
742	0.7641361
743	0.76415604
744	0.7642716
745	0.7643194
746	0.76448673
747	0.7650733
748	0.76519454
749	0.76531005
750	0.76536536
751	0.7656448
752	0.76584995
753	0.7658517
754	0.7661382
755	0.7662333
756	0.7664518
757	0.76683635
758	0.7668559
759	0.7670999
760	0.76710176
761	0.767118
762	0.7678249
763	0.767934
764	0.76803076
765	0.76820934
766	0.7682934
767	0.76843244
768	0.76843625
769	0.7686376
770	0.76915145
771	0.7694515
772	0.76950765
773	0.769544
774	0.7696045
775	0.76978207
776	0.76987153
777	0.77013403
778	0.7702171
779	0.77046275
780	0.7706237
781	0.77068937
782	0.77087927
783	0.77092385
784	0.7713457
785	0.77162856
786	0.7720892
787	0.7721891
788	0.7731884
789	0.77327925
790	0.77386403
791	0.77407795
792	0.7743072
793	0.77440184
794	0.77447623
795	0.7747602
796	0.7748386
797	0.7750406
798	0.77599835
799	0.7764223
800	0.7766229
801	0.7769084
802	0.7770681
803	0.77722746
804	0.7775452
805	0.7781596
806	0.7785339
807	0.77879983
808	0.77896535
809	0.7790979
810	0.78144664
811	0.78370684
812	0.7837261
813	0.78385544
814	0.78420395
815	0.7844553
816	0.78480554
817	0.78515697
818	0.7854316
819	0.7870428
820	0.7875951
821	0.78763807
822	0.78804094
823	0.78824097
824	0.78851134
825	0.78950197
826	0.7900518
827	0.7904322
828	0.79074657
829	0.7907776
830	0.7908869
831	0.7912612
832	0.7923162
833	0.792586
834	0.793145
835	0.793739
836	0.79387105
837	0.7943396
838	0.79458386
839	0.7949157
840	0.79508173
841	0.7952127
842	0.795555
843	0.79578674
844	0.79624313
845	0.79660046
846	0.79702634
847	0.7973049
848	0.797643
849	0.7982909
850	0.7983291
851	0.7984723
852	0.7984774
853	0.79893005
854	0.800202
855	0.8012102
856	0.8015618
857	0.80188686
858	0.80190283
859	0.8024367
860	0.8037451
861	0.8043388
862	0.8050865
863	0.8051496
864	0.8078001
865	0.8092646
866	0.8097857
867	0.81028837
868	0.812427
869	0.8141484
870	0.8145205
871	0.8175446
872	0.8228735
873	0.82304525
874	0.8236616
875	0.8239874
876	0.8265309
877	0.8285968
878	0.8290939
879	0.8331711
880	0.83376414
881	0.842022
882	0.8428101
883	0.85403013
884	0.8855722
885	0.89514
886	0.90012896
887	0.9040583
888	0.9042352
889	0.9049575
890	0.90502965
891	0.90600383
892	0.9081031
893	0.9083221
894	0.90860826
895	0.90918255
896	0.91074514
897	0.9112488
898	0.91222763
899	0.9152634
900	0.91583425
901	0.9163476
902	0.9167714
903	0.9169205
904	0.91759026
905	0.9200054
906	0.92023593
907	0.9210893
908	0.9211877
909	0.9225326
910	0.9236142
911	0.929322
912	0.9295721
913	0.92996407
914	0.9305999
915	0.93199617
916	0.9327344
917	0.9333542
918	0.93386894
919	0.9341053
920	0.9364803
921	0.93659097
922	0.937241
923	0.9373715
924	0.93969727
925	0.94044274
926	0.94096285
927	0.94259
928	0.94317025
929	0.94657487
930	0.94719315
931	0.9483895
932	0.94847214
933	0.94901055
934	0.94902295
935	0.9505331
936	0.9507746
937	0.952592
938	0.9538235
939	0.953908
940	0.9539904
941	0.95483094
942	0.9551631
943	0.9558765
944	0.9561142
945	0.9562286
946	0.9564358
947	0.9564358
948	0.9566019
949	0.95678425
950	0.9570936
951	0.9571812
952	0.9582283
953	0.9582427
954	0.9583494
955	0.9584167
956	0.9593915
957	0.9594269
958	0.9595293
959	0.9596524
960	0.96064454
961	0.96139
962	0.9645708
963	0.9647119
964	0.96490437
965	0.965627
966	0.9659358
967	0.96624833
968	0.9666805
969	0.96688795
970	0.9671855
971	0.96764016
972	0.9695337
973	0.9705042
974	0.9707839
975	0.97184414
976	0.97344
977	0.9741887
978	0.9748451
979	0.9748641
980	0.9749305
981	0.97504
982	0.97851324
983	0.97957575
984	0.982272
985	0.9830311
986	0.98321915
987	0.9847056
988	0.98519796
989	0.98643994
990	0.98841435
991	0.988947
992	0.98969334
993	0.9930572
994	0.9935366
995	0.993827
996	0.9956944
997	0.9958001
998	0.9983719
999	1.0
