0	0.0
1	0.00028166396
2	0.00058696856
3	0.0017872065
4	0.0018538923
5	0.0027198696
6	0.0039027976
7	0.0064844675
8	0.0081748385
9	0.008527346
10	0.014730784
11	0.01623636
12	0.018079707
13	0.018874269
14	0.021371441
15	0.021747546
16	0.026562756
17	0.026723916
18	0.02698721
19	0.027485583
20	0.029860433
21	0.030766744
22	0.032423537
23	0.03259985
24	0.03388905
25	0.03604932
26	0.037472136
27	0.040278483
28	0.043279886
29	0.04440816
30	0.046820354
31	0.04903247
32	0.05164625
33	0.05209944
34	0.05420896
35	0.058528304
36	0.06510224
37	0.06740758
38	0.06838201
39	0.06869727
40	0.07178042
41	0.074498095
42	0.075202666
43	0.075272135
44	0.07914391
45	0.08063009
46	0.080982246
47	0.085129835
48	0.086484045
49	0.086508766
50	0.08727978
51	0.08831787
52	0.08850732
53	0.08904826
54	0.08914469
55	0.08995864
56	0.09199855
57	0.09211345
58	0.09242044
59	0.092972055
60	0.09341985
61	0.093686275
62	0.09375704
63	0.09449382
64	0.095053375
65	0.09714203
66	0.09729256
67	0.097586334
68	0.09820964
69	0.09841747
70	0.09948238
71	0.10030272
72	0.10044086
73	0.101323836
74	0.10202134
75	0.102090135
76	0.10221362
77	0.102776684
78	0.10284554
79	0.10310993
80	0.10319614
81	0.1032292
82	0.10337837
83	0.103967726
84	0.103978254
85	0.104124315
86	0.10442548
87	0.10495944
88	0.10498919
89	0.10507585
90	0.10522202
91	0.10523245
92	0.105288796
93	0.10557789
94	0.10614705
95	0.106574975
96	0.10808186
97	0.10837948
98	0.10869161
99	0.10870969
100	0.108868465
101	0.10918613
102	0.10946705
103	0.10978819
104	0.11013829
105	0.11071092
106	0.1110507
107	0.11107535
108	0.11167967
109	0.11177136
110	0.112653084
111	0.11275588
112	0.1127842
113	0.112802885
114	0.11289387
115	0.11297294
116	0.11369847
117	0.11375411
118	0.114324704
119	0.11565447
120	0.115758345
121	0.11589237
122	0.11726506
123	0.11869642
124	0.12132628
125	0.121666536
126	0.12167811
127	0.12180695
128	0.12199179
129	0.12268433
130	0.123451956
131	0.123850144
132	0.12395802
133	0.12491042
134	0.12509245
135	0.12541096
136	0.125614
137	0.12600876
138	0.13200451
139	0.13585636
140	0.13589989
141	0.1443833
142	0.14541529
143	0.14568187
144	0.14595565
145	0.14781915
146	0.14963053
147	0.15449123
148	0.15531266
149	0.16512772
150	0.1659099
151	0.17664887
152	0.17779674
153	0.17981616
154	0.18134685
155	0.19270834
156	0.19842364
157	0.19939093
158	0.20103975
159	0.20349182
160	0.20550415
161	0.205723
162	0.20604096
163	0.20779411
164	0.21361095
165	0.21482174
166	0.21906114
167	0.21915884
168	0.23284386
169	0.23321377
170	0.23566207
171	0.23838714
172	0.24109216
173	0.24406585
174	0.24620923
175	0.24682084
176	0.24689546
177	0.251693
178	0.25203902
179	0.25242034
180	0.25607708
181	0.25607938
182	0.25762933
183	0.25959805
184	0.25978428
185	0.2602562
186	0.26027036
187	0.26039493
188	0.26157376
189	0.2626383
190	0.26276702
191	0.26397264
192	0.26467082
193	0.26520067
194	0.26548016
195	0.26601332
196	0.26607966
197	0.26639414
198	0.26642305
199	0.26650205
200	0.2669496
201	0.26712278
202	0.26727334
203	0.26778218
204	0.26887175
205	0.26949966
206	0.26980615
207	0.26993793
208	0.27034038
209	0.2705123
210	0.27133942
211	0.27205974
212	0.272592
213	0.27283204
214	0.27354702
215	0.2736472
216	0.27418658
217	0.27421284
218	0.2747309
219	0.27518594
220	0.27530873
221	0.2754849
222	0.27569127
223	0.2759617
224	0.27655062
225	0.2767098
226	0.27720904
227	0.2778089
228	0.2778438
229	0.27813962
230	0.27837998
231	0.27869672
232	0.27908465
233	0.28010347
234	0.2802257
235	0.28027025
236	0.28071168
237	0.280807
238	0.28085083
239	0.2809098
240	0.28111142
241	0.2813533
242	0.28151464
243	0.28191355
244	0.28201917
245	0.28211415
246	0.28231126
247	0.2823294
248	0.2824142
249	0.28293085
250	0.28296444
251	0.28316948
252	0.28378108
253	0.28621757
254	0.28641558
255	0.2865154
256	0.28659633
257	0.28679198
258	0.28746018
259	0.28919306
260	0.28938612
261	0.2894803
262	0.29211864
263	0.29230806
264	0.29398403
265	0.3010534
266	0.30364904
267	0.310298
268	0.31114873
269	0.31217983
270	0.31273288
271	0.3189563
272	0.3317008
273	0.34419423
274	0.3501076
275	0.3521353
276	0.35458064
277	0.3707567
278	0.38041222
279	0.38133717
280	0.3859641
281	0.39399785
282	0.39760938
283	0.39976922
284	0.4100234
285	0.4136929
286	0.41455737
287	0.4190016
288	0.42095783
289	0.42640382
290	0.4293929
291	0.43223962
292	0.4324223
293	0.43593425
294	0.44060075
295	0.4408553
296	0.44474885
297	0.44484353
298	0.44784915
299	0.44895613
300	0.45201734
301	0.45374992
302	0.45472628
303	0.45520344
304	0.4557121
305	0.45629892
306	0.456997
307	0.4573975
308	0.45890027
309	0.46034512
310	0.46083507
311	0.46101266
312	0.46109113
313	0.46231353
314	0.4645391
315	0.46460152
316	0.46476
317	0.4659332
318	0.46608585
319	0.46682948
320	0.4670031
321	0.46721283
322	0.46812186
323	0.46932128
324	0.46960986
325	0.46995327
326	0.47032654
327	0.47046837
328	0.47069165
329	0.47116336
330	0.47132504
331	0.4715093
332	0.47190073
333	0.47270805
334	0.4727556
335	0.47370943
336	0.47414473
337	0.47481814
338	0.47636494
339	0.47653767
340	0.47668567
341	0.47716027
342	0.47731325
343	0.47775266
344	0.4778399
345	0.47797918
346	0.47907662
347	0.47997525
348	0.48051545
349	0.4805953
350	0.48073205
351	0.48181444
352	0.48202246
353	0.4835287
354	0.48437682
355	0.4863896
356	0.48761648
357	0.4880371
358	0.48900318
359	0.4924473
360	0.49649358
361	0.49877563
362	0.5062022
363	0.5065114
364	0.50898737
365	0.51803493
366	0.52720857
367	0.53348
368	0.5354578
369	0.5364123
370	0.537764
371	0.53777033
372	0.5382159
373	0.5516025
374	0.55603856
375	0.5645539
376	0.5653502
377	0.5704484
378	0.5925439
379	0.5982953
380	0.6038971
381	0.6047071
382	0.6069918
383	0.60932547
384	0.60992867
385	0.6114298
386	0.61356735
387	0.61569846
388	0.61570984
389	0.61662585
390	0.6168615
391	0.6179939
392	0.6180915
393	0.6222154
394	0.62279844
395	0.62460417
396	0.6251243
397	0.62539333
398	0.6266938
399	0.6359056
400	0.63647693
401	0.63770664
402	0.6390396
403	0.6812797
