TE,0,1,2,3,4,5,6,7,8
0,0.0,0.13363629609206265,0.06400435827327156,0.10616582820711251,0.0844310613757509,0.07060452205507266,0.09864837129683394,0.10974432655032448,0.057644539463075385
1,0.15839707285104632,0.0,0.04744143897478852,0.07969425700831048,0.08688449598937426,0.04693167563467905,0.08530333495610694,0.07164765524068967,0.05062172855474012
2,0.14584534199275404,0.08476386274149898,0.0,0.12656914067155017,0.111306047085235,0.05874907932020269,0.0834309294845027,0.077854694605663,0.04571132633072562
3,0.10938680589128785,0.09761752711380757,0.07466759676178367,0.0,0.06602212626219482,0.060784213407703847,0.07798062034679526,0.06115235613193527,0.047600088873133294
4,0.09157399116149308,0.10719209827661705,0.07226802846914435,0.05099640857445541,0.0,0.07480194569260212,0.06993365622270445,0.06986756757534784,0.04710057351769081
5,0.07349721897772506,0.03608336614091352,0.06888335771445024,0.16086708218626689,0.1685371363807145,0.0,0.059571558090737574,0.07220894590281632,0.03656058189536015
6,0.10418387745284761,0.06900187172952806,0.04609623550401968,0.15874622867220445,0.15845032974726064,0.04845557171443683,0.0,0.07347485283786226,0.062460454766156595
7,0.08873328263287561,0.059141243968337476,0.03952151806206616,0.17717542441974493,0.1425051725692825,0.051358537205947546,0.10273496013349181,0.0,0.05014701131407401
8,0.07279588342266924,0.04616248281317972,0.06142699321555061,0.18168985891997566,0.17024142298771797,0.04549548205066965,0.06832975455546578,0.08507188761502454,0.0
