TE,0,1,2,3,4,5,6,7,8
0,0.0,0.06111807709944134,0.03630419806527146,0.05706973071979598,0.02747640705368977,0.01909941740635416,0.08341122688622354,0.08556375302837248,0.04053076071852199
1,0.026718280853386248,0.0,0.018620775677468747,0.01522616480024799,0.01694246177021824,0.012914955541767055,0.06867276965697444,0.08795165147490164,0.05160158629377744
2,0.043946724975393314,0.03584610254933723,0.0,0.03493366055503869,0.018459662949248654,0.01779742592438506,0.05807332228792583,0.09924626886826857,0.05206608934723919
3,0.046211387894964547,0.03548925077392915,0.030349493397948638,0.0,0.020675502381296295,0.02275414041331415,0.06006615693148631,0.0656424470909473,0.03724128748229698
4,0.058963962436904445,0.040605977678122074,0.04039699578727496,0.08183561628464778,0.0,0.0406293944146643,0.07433817176769203,0.08259745110569854,0.03193960226453007
5,0.05522418666440378,0.009062173160851542,0.03465023240289315,0.06346878282525024,0.03349982022855338,0.0,0.03098591100313082,0.04666734583468577,0.02292650370281251
6,0.05174890529290901,0.033683390961801896,0.019677984168039106,0.061802381410715576,0.01989865885800652,0.03332778468516001,0.0,0.052562809053441045,0.050958939951916166
7,0.044203317956961176,0.0392554677137367,0.029486756049973216,0.060153983241697566,0.02680953207118293,0.027630105913535825,0.06949908204353841,0.0,0.025239647946097014
8,0.04796539238686016,0.01519792691385824,0.036605859852040304,0.05566992952919195,0.0320491733731859,0.01842636927083663,0.05401930840755087,0.0619803828528185,0.0
