TE,0,1,2,3,4,5,6,7,8
0,0.0,0.12749736388446134,0.059955371176404315,0.11563671750590314,0.11239094849086953,0.06786713926198341,0.06231764735242422,0.05698272557763923,0.06975755788981187
1,0.13046289146724968,0.0,0.027144274913544424,0.10240379626457286,0.1402532869930962,0.028081224957171365,0.0656314412427843,0.06991886534486669,0.054133462273758925
2,0.10663436934032158,0.08992224144258942,0.0,0.07475995614461092,0.1009124817021608,0.03408274595124065,0.08155980716599609,0.07887135369563258,0.04457921932843813
3,0.09525699092220966,0.09921301796670595,0.06256669051240946,0.0,0.11248618770304225,0.04226073428561311,0.03669581058440699,0.033407811177077765,0.05395475952202901
4,0.09877754398955135,0.1314643460257375,0.0636921992494236,0.12447122074710001,0.0,0.050415409991364624,0.043306600793078534,0.03634262282576654,0.06540073739688819
5,0.07589042821106108,0.0530253951334356,0.047389964293945874,0.0710084244891826,0.07654916122358041,0.0,0.05026211179479087,0.07212933340587246,0.08571455682086183
6,0.06571798797727965,0.05214839448739421,0.0566602856097083,0.055911288283167174,0.07457097490059793,0.033475400616014,0.0,0.0649597658046411,0.044848073616070065
7,0.0561816880712397,0.07452694464116648,0.04172117859304513,0.051618363621513605,0.07030226030765754,0.023168368443705428,0.07455663181937314,0.0,0.032276296070472894
8,0.08424365931265823,0.06327928075804404,0.04365395196754204,0.05030949667826683,0.07404203784605888,0.043173807185341445,0.059562207279512044,0.09904989493290943,0.0
