TE,0,1,2,3,4,5,6,7,8
0,0.0,0.1424772855118078,0.06198876741433005,0.10197282181627337,0.1042346142374205,0.07091399924738642,0.07961578480587961,0.07250534129335141,0.05943781666726825
1,0.17374870376822915,0.0,0.02651042433317246,0.11699332068789732,0.14284616365940722,0.04023051695461215,0.09288224768321902,0.0721163213843905,0.04540518928728083
2,0.1435822795225074,0.07627733186207573,0.0,0.10600111980093771,0.12549416224997437,0.043851902940165804,0.10405717843544475,0.08870078119363217,0.04251690576891643
3,0.1184972451013864,0.09761270991692336,0.05990903023677567,0.0,0.09574933602868067,0.050622602248768245,0.08490737538972959,0.049425941105639776,0.04970109350029124
4,0.11030214454005684,0.10686335033302154,0.058749503761048975,0.09904122739126753,0.0,0.05768650214002134,0.06657375394332252,0.06288766337102407,0.05510881229173438
5,0.08918160727609051,0.03813069271631562,0.05008159072133275,0.1080663378840513,0.1150880765227188,0.0,0.058048989345954684,0.05664980913810292,0.06335577161655778
6,0.10234728889344216,0.04612399787413407,0.04784612572362648,0.10270219891616922,0.11484424447662793,0.03384412801585206,0.0,0.07169058771394317,0.036416564767168896
7,0.07932065699608842,0.06112144526139593,0.04443042772926237,0.07893943535805256,0.1123780180402647,0.031150977102980763,0.07883841822843635,0.0,0.03676393561886366
8,0.09379822692422893,0.044026207949072846,0.044480301602566163,0.10202342547540767,0.1088544948101206,0.04730283035040004,0.06494754681530387,0.08587793252732115,0.0
