TE,0,1,2,3,4,5,6,7,8
0,0.0,0.08307264869468438,0.0354323549337965,0.055836858833047405,0.05638916995345783,0.026785767581826294,0.08987504497290945,0.09572205648817114,0.040907195448766843
1,0.07471696110286186,0.0,0.01594030273147712,0.02410322815249566,0.02234024314305564,0.012015342335327374,0.06491777457757378,0.06963996699084037,0.04885703709031321
2,0.06396165580755256,0.051465453203948235,0.0,0.045982377470787476,0.025863584488584612,0.023056230281629907,0.06583324440936043,0.07488809094607989,0.04989656038919392
3,0.07132339998549214,0.049487405097783044,0.02814687552939759,0.0,0.0423649053994942,0.02902484176951411,0.05964494827639108,0.05568103999432426,0.03553427448448898
4,0.08067358320768483,0.05275015119352858,0.04516760808115172,0.054928365092011204,0.0,0.04203184396222075,0.08034296123243764,0.06399601296425018,0.021993730548019133
5,0.06056803535985772,0.014397210726368256,0.03522928268654663,0.048904664555495095,0.060445427957058116,0.0,0.042294743844587375,0.037952443514155,0.024125668781995603
6,0.07573414206566625,0.04576739481275398,0.019713357092951838,0.045391392754481404,0.0680707835536704,0.031533621569345235,0.0,0.04711936772918799,0.03629064897340156
7,0.06835307719951643,0.04635108541832901,0.03056192328180115,0.054459239578647387,0.05595962485454711,0.03132627940409928,0.08038242441487703,0.0,0.022348497991270776
8,0.05605665863874576,0.015335775930276496,0.03394463597102072,0.0482680803617834,0.06082871826145934,0.020503184310336788,0.05006642410041933,0.04978183400290541,0.0
