TE,0,1,2,3,4,5,6,7,8
0,0.0,0.04629275055426218,0.04182887559833166,0.03902070668800659,0.010948061315455835,0.017808203393893853,0.0643822858070189,0.07035476502612645,0.05427524457014152
1,0.013773302939490544,0.0,0.025017196088144233,0.01837293834268295,0.00719050407697135,0.014528321537436018,0.05401468777254619,0.05936140503743369,0.05564053542408188
2,0.02002832367343804,0.022307667181476237,0.0,0.030340097179675736,0.011799555813271516,0.013419581406396524,0.04922999796669493,0.07221935252478912,0.059586297295063324
3,0.027442590434321214,0.019619277082587483,0.033084150255378496,0.0,0.010698628961829717,0.020659998882448113,0.052620068819265994,0.05609159657846213,0.048631669162994065
4,0.04471631405958982,0.022711953285698208,0.033607524199033983,0.07927929072845016,0.0,0.04829616667840327,0.06245009192960078,0.07340068643016047,0.04324548345239244
5,0.03887824934132826,0.0022464468572954144,0.022301373707739658,0.05530213271959704,0.008892313376593736,0.0,0.030311297598724606,0.043394584002890424,0.02793461755215934
6,0.0446443024857355,0.020624716929401352,0.015007721719696653,0.04600716646819224,0.0026437645440190683,0.03663282060784682,0.0,0.05365162664248996,0.06359722872797932
7,0.03538569565974677,0.02628844871501749,0.02178058609116118,0.04856696693095902,0.010042235511721998,0.0324719737118073,0.0642156347933555,0.0,0.02855631267921452
8,0.04716108419354114,0.006991890093736344,0.030539317763688623,0.05748876315584089,0.013624858732932362,0.019931561507674063,0.049860642184599444,0.03256544304324947,0.0
