TE,0,1,2,3,4,5,6,7,8
0,0.0,0.0291626012500112,0.07570914878744328,0.019354284702098174,0.00865141430542292,0.042589262549169934,0.052730622030374284,0.06252416389296192,0.045774772884354276
1,0.03384368739442332,0.0,0.04254505464738198,0.014308355726944295,0.01693636383689036,0.0384069974383295,0.05169692783164308,0.055549156502163605,0.047119086313556595
2,0.05304009926591697,0.015552069048606896,0.0,0.018993215075481084,0.024853450930434406,0.04711861841961007,0.05281925670488545,0.06447260722340209,0.05837314621792393
3,0.04410473078231217,0.012628358519531861,0.06034785826400411,0.0,0.01346237950908068,0.07679285073601477,0.05900564005601775,0.07308904107772798,0.05855609609451112
4,0.04273893959778269,0.015327350067810856,0.05841577205701913,0.01043729943930095,0.0,0.06180044036870422,0.05242635389873473,0.0749369026767799,0.043306089448829
5,0.05558615890293174,0.0027331693283187226,0.04595175252909031,0.016597755548031272,0.005276110134396228,0.0,0.0665163013772766,0.07590096301748472,0.036166721919351
6,0.054270530192349814,0.013102492376127324,0.03621373644455356,0.020511369806565212,0.005303783954826372,0.08620128280716643,0.0,0.07356351506763965,0.08440430947674304
7,0.04960770505102102,0.01249255772274568,0.031376275842887456,0.014679705962891358,0.010828933197340967,0.0706706323197133,0.07536106421492073,0.0,0.05480513303782756
8,0.054124954704158366,0.008464484714527383,0.0439015806087179,0.0161522779998641,0.013468898844516602,0.065350038936157,0.06735699763366754,0.06511330967796955,0.0
