TE,0,1,2,3,4,5,6,7,8
0,0.0,0.1286972139691671,0.04239139394187724,0.048281605555195936,0.11296263885994133,0.038525022386432774,0.08369617561600862,0.09127136852188883,0.03629138069049939
1,0.18742865184312962,0.0,0.026538829711864824,0.03550755823949408,0.08061988943848737,0.02753067181226753,0.06328432755133549,0.07150067835129832,0.03624464267761736
2,0.15091781274736896,0.08066955399942523,0.0,0.036377687681353396,0.1117502520619733,0.026889631610100412,0.06168991573656947,0.06689063093866769,0.033166278271355806
3,0.13604369729184473,0.08195931115117058,0.03589636192467459,0.0,0.11563028306658596,0.030704162275291907,0.05546896740866991,0.056381144875826114,0.0347748984081168
4,0.15063354568690515,0.08453567362659041,0.04431947097336758,0.04826720578059164,0.0,0.04028415065115154,0.07384520283781212,0.07690557713668092,0.025726720111913796
5,0.07044696836477404,0.023834942491522126,0.04377588754919763,0.03549973863491605,0.16931431989296253,0.0,0.03750170070464546,0.04825487086917998,0.027124793256597807
6,0.11883388552222829,0.054167057327186,0.01907109590895044,0.04703218593440242,0.179842698551495,0.03369496396404663,0.0,0.043633203616476414,0.0390222977177551
7,0.09643654431133672,0.06995512212701126,0.030256004276761665,0.04023872397559655,0.1510688985947782,0.0322279702336974,0.05209044796991327,0.0,0.013083110403584014
8,0.0906047329013715,0.03589670347004063,0.03588381309460726,0.03260709116104244,0.18690154329599415,0.02966853488483151,0.04109911338791225,0.0573920850873571,0.0
