TE,0,1,2,3,4,5,6,7,8
0,0.0,0.025790934632751523,0.040348102057861254,0.028140036319654994,0.030788772149732288,0.022485965480275164,0.011987408087435326,0.01893549351025733,0.02055471651073772
1,0.022554275696810212,0.0,0.050968800294538597,0.024032000840476044,0.03023867589918614,0.022231485256660563,0.012476368922362063,0.02507068680107294,0.014798490495338188
2,0.03152612982489876,0.03844482081771692,0.0,0.03983486954923322,0.05356517071896339,0.015562044250930437,0.031429265750317396,0.04331902706322405,0.024296418924935243
3,0.014841498232919515,0.023478781672242453,0.04840726439417342,0.0,0.04075003614067008,0.013741087029884264,0.03154503628301875,0.08499256304781366,0.04339205838133786
4,0.009432439191167008,0.02499335443724703,0.04484590261721331,0.029947146475513154,0.0,0.03965756287603408,0.058456710760316256,0.05851572715043997,0.02560766430830922
5,0.02247401859757134,0.020348768650835916,0.03007792704646453,0.09070315128658948,0.09896438888238933,0.0,0.06692803135263771,0.07273247798623723,0.027530062528372923
6,0.022931796740067928,0.005611660040254086,0.021190274457173388,0.09609012343914312,0.09565363815755193,0.027440828982430585,0.0,0.047988300856773775,0.04263026276201201
7,0.02993892616545258,0.012582554859686169,0.028573456318904646,0.09922566471920714,0.08348982805361324,0.028708945473620434,0.042649087536897966,0.0,0.03670543596371665
8,0.023550133262317613,0.008147679790272769,0.02920659604636174,0.06103688979322573,0.08951875984743961,0.02799613551699989,0.04826109296835264,0.07542869367349449,0.0
