TE,0,1,2,3,4,5,6,7,8
0,0.0,0.12259614681767972,0.08106926770560681,0.1479249947047488,0.10883856458991635,0.03766173989638071,0.07136026638637337,0.05075446950924948,0.056341574692279676
1,0.16845997420846112,0.0,0.05111580672903668,0.1559888826933491,0.10219217583208437,0.04004015615980519,0.08126278175413794,0.05343583830068992,0.04044145054150461
2,0.14117016386065998,0.1180114165146996,0.0,0.14427282214020834,0.12013270458780789,0.02268257225384939,0.06847643384235601,0.06265303825180314,0.039651867064551996
3,0.11150847830502211,0.11050530519231982,0.09423032333272442,0.0,0.09416992527353449,0.04070468792768923,0.05907554117723962,0.0740240576772543,0.0689522483871448
4,0.10848117915468683,0.09912143963115465,0.0731923698833954,0.13817017277938962,0.0,0.053372894633003154,0.08081675202347532,0.05574482580578877,0.06177876248056383
5,0.07233119851654929,0.05817200252967503,0.043131159264494914,0.1643547801806424,0.12617010020852512,0.0,0.08209608339290983,0.09211217822402375,0.053210204113012805
6,0.06664493795558721,0.06407435167933245,0.052378983967929754,0.11165077315472335,0.09467779254193497,0.033616837685007055,0.0,0.08440752305982341,0.04441594966084215
7,0.057315078331940855,0.039865553424718564,0.048878629934333354,0.1418396922525133,0.10414350224535703,0.027805357388691426,0.07721802317236098,0.0,0.04626409009966016
8,0.0706261394743053,0.05637088522852342,0.048990499284093464,0.12598847301406915,0.12771406820754308,0.05184494397411134,0.0915171843450704,0.09399819505917209,0.0
