TE,0,1,2,3,4,5,6,7,8
0,0.0,0.05116328867261004,0.04402596659185936,0.09442197807569178,0.05974771408745809,0.017205390380394193,0.02447892302775275,0.028608430896459033,0.02246115747305126
1,0.05489793487382519,0.0,0.050544569498972305,0.12655697838537833,0.08518716251797778,0.015243443211813533,0.023530242664770856,0.025438690123974775,0.0070487489682099416
2,0.044756985744605814,0.063339756358536,0.0,0.14623038939379562,0.11012023290899862,0.008364402013847212,0.039098370296505675,0.05134261769265182,0.0180385353864057
3,0.029158105261225163,0.0440044129518883,0.05835299133257908,0.0,0.06255519068821547,0.010893612301524545,0.03163541946915216,0.07313847169736115,0.027452970362483363
4,0.03337955408913511,0.053775123447021456,0.04862864619066051,0.0948501038956068,0.0,0.027221676146294622,0.04859690605962551,0.050052750015201514,0.026410198758746034
5,0.02250696209768112,0.022193970143631694,0.020052122510509064,0.16654411204538105,0.13225684411487465,0.0,0.06341432073430471,0.0755306366870607,0.014622322503611805
6,0.017631219583381836,0.013954699383401669,0.02621136236719457,0.13651381109335695,0.12504863851954173,0.017947309776701427,0.0,0.06584122721649865,0.026780210914785513
7,0.028004461045696285,0.015226215795580741,0.02721279103556963,0.17886231137955255,0.12152197388828476,0.01715368777776757,0.0506278296278448,0.0,0.03305936357744458
8,0.023405646024496664,0.020520291808646934,0.028541982796223147,0.1516607415693907,0.13741374645059945,0.022518877242706615,0.048827018352430224,0.08007149399651199,0.0
