TE,0,1,2,3,4,5,6,7,8
0,0.0,0.11677533513291685,0.06146062012787684,0.08145445418861894,0.12065250655193438,0.027344360222740966,0.02354217044645243,0.041664391306730664,0.028623322178868923
1,0.1133884250944551,0.0,0.04337427649471635,0.1124450636931991,0.1047231131320791,0.023296589776559587,0.03312980553702089,0.042542483677365656,0.008669259012771708
2,0.09525517409212012,0.07852962207696224,0.0,0.08611296021675849,0.10241006815329823,0.014813936531715498,0.048452094718784554,0.06028601579019159,0.028656572504278548
3,0.09164270857138074,0.09964652791678527,0.061382017968844994,0.0,0.10641456280105731,0.018912922348341753,0.035545917330838075,0.04034654541456016,0.03347357927328108
4,0.1193992504078211,0.06611714339764482,0.05570133972597267,0.0872813944351376,0.0,0.03592574202024884,0.030120783193716683,0.03025071801075519,0.024517759156972255
5,0.05668260870566273,0.04139050253092977,0.042645742696798467,0.07755233056702689,0.07147237579466559,0.0,0.07169228236265587,0.08965601342441103,0.03885188055406044
6,0.026374859122350394,0.036916175573315876,0.054302209329874826,0.05427322378969475,0.048541660400568384,0.041520213844251225,0.0,0.0895357889803136,0.0280482942388833
7,0.04208031726780978,0.03770583150040558,0.05354389698398847,0.06842546827412209,0.06416531228951596,0.031468038673987925,0.07293192321906991,0.0,0.04319971626144544
8,0.05390636923516655,0.051078952506772295,0.038173694257395634,0.06445562818857409,0.08062208901680237,0.041746073375380215,0.06558205650990384,0.09630554555162954,0.0
