TE,0,1,2,3,4,5,6,7,8
0,0.0,0.13766728518030644,0.059567629438598835,0.09743933408893848,0.08700423118828891,0.038150589845879074,0.08599737370227979,0.05101361120952677,0.03476804870606925
1,0.14891303656101898,0.0,0.06394419391786982,0.09499212735957342,0.06850483326785947,0.03555282912238108,0.07521227679290468,0.07768359087212139,0.025691740173652146
2,0.12835236634895522,0.12231722131552827,0.0,0.11204880098808309,0.09202531622998644,0.02362164559710734,0.07936715714721075,0.08899847808101041,0.03060822913194592
3,0.10432732456858047,0.09410719468904395,0.07212662643034329,0.0,0.06434834545542728,0.03444968847757352,0.08076534899253135,0.11592744844510675,0.05776691507932139
4,0.10485894806238728,0.10978513158550632,0.06341457414049861,0.09126164902933932,0.0,0.057350190786062724,0.11143998774462968,0.0825451430435335,0.05370715700304439
5,0.04753956573545159,0.052082725595807934,0.034133122451078364,0.1734760874015402,0.13912867003362922,0.0,0.09462169742536283,0.0804703018980637,0.011587108831709415
6,0.08216352344833341,0.07123518065822684,0.026632690462913153,0.1521436201490486,0.15985403342233742,0.03307105723559295,0.0,0.0799604631400141,0.04399800381713184
7,0.06850541067180846,0.05794509042255715,0.042935586196376996,0.1615248381196264,0.1344580470432682,0.03188235457207337,0.06809187677595342,0.0,0.040423051494636465
8,0.047528194146157034,0.03823986150264089,0.048944216290944614,0.1529808829743043,0.13504149473593285,0.04484760844356468,0.07005675832210678,0.09619482648266077,0.0
