TE,0,1,2,3,4,5,6,7,8
0,0.0,0.01140699154698453,0.022848340787491782,0.008466634749311863,0.003903368066762027,0.02371757317254128,0.007701812159471832,0.016767510642898234,0.026423863915278078
1,0.0099276808942367,0.0,0.024902884717459564,0.002194321931674138,0.005052264992183752,0.02640458062763689,0.010519467421358415,0.018711186483275508,0.019916003813540244
2,0.019723062538128402,0.024260832272227854,0.0,0.003220513338368106,0.012633072242552248,0.027924069829325108,0.02481936345340658,0.040146457067974595,0.031244572267761585
3,0.019502094227449005,0.005360086131168955,0.0339021546468113,0.0,0.014929839991576776,0.029972238556852823,0.03959433237868705,0.05872957636076482,0.04474111370362924
4,0.013880445418430611,0.0010749174983832467,0.02443026816278638,0.007576966968833614,0.0,0.047328551553114044,0.03682463760778125,0.05213968415633551,0.04017353237243415
5,0.03177009793774514,0.00580570135789504,0.021254976936879378,0.007980357802940836,0.024936360906185027,0.0,0.04673476578824849,0.06583920919684658,0.03378273666859516
6,0.02390409533583493,0.0019029998462948836,0.011442237603571973,0.014475062144871032,0.02195952816321055,0.04176447949075063,0.0,0.042920123456806784,0.04563299013653608
7,0.023760814581760208,0.0027479513800734955,0.026112063745350595,0.013682056982391413,0.019102262310190195,0.04031073047109683,0.04361784683466306,0.0,0.03608540539820668
8,0.02336706790748006,0.00540439406684955,0.019421765005872792,0.009817988551003519,0.02601650074564544,0.027471552360322497,0.03605903630642735,0.07207708262507657,0.0
