TE,0,1,2,3,4,5,6,7,8
0,0.0,0.09272616364620226,0.052185062152083427,0.025772656154926105,0.04900675299986938,0.03714792791377708,0.08000737391253343,0.04997064439541121,0.031587333443699184
1,0.0474554712503354,0.0,0.04796643867981143,0.01789879980739514,0.033707129583953374,0.03791579142190138,0.08094052626549253,0.07499076038215921,0.03609702992022168
2,0.0578577965816892,0.07476094778957076,0.0,0.022483521841368564,0.03900653048000116,0.03183648579453452,0.08578545521990663,0.08815046383037978,0.04000083574318322
3,0.05243229156371568,0.07446898657040582,0.05618427353955727,0.0,0.03611396439942151,0.05040953501609653,0.09560024347879757,0.10754766162389748,0.07499692037193798
4,0.04693186807322086,0.07528423568164377,0.061120916488690016,0.022581185296073523,0.0,0.06724668394802631,0.1045702072604175,0.0846803062396398,0.056000441067278306
5,0.041837757668844,0.03588608701661052,0.03322348571653541,0.03647117882695727,0.059808582882482836,0.0,0.07695567025267055,0.07977849550263727,0.032762276984871296
6,0.04500609159196893,0.05049753758990423,0.022993421457642906,0.032645841122958215,0.061044713762361,0.04642479937752313,0.0,0.08009197765292181,0.05752732235503777
7,0.04024271200227346,0.04761592381586147,0.03700607496553702,0.05100936800690774,0.04636921541275721,0.03816987860810404,0.0758909843629669,0.0,0.042909432142324344
8,0.03418828874884484,0.027543034211984268,0.04294701449956939,0.02691803396322584,0.06116649593339202,0.029535058504344895,0.06441046392997143,0.08279510066175626,0.0
