TE,0,1,2,3,4,5,6,7,8
0,0.0,0.0238857203743738,0.041552409375704286,0.007546650476457901,0.021881592503557167,0.03516559892016359,0.05566673831270929,0.06105258425582366,0.028289408988093644
1,0.012824075898931668,0.0,0.02960931862440106,0.004295349472112655,0.01595357816822552,0.03611598081461041,0.05752414382765981,0.06923174395140459,0.03298533858829209
2,0.020482023967879962,0.024376224555983008,0.0,0.0033911267981899676,0.023912828620989035,0.04093699792012013,0.07235049910380537,0.06858867024321408,0.03702627548842343
3,0.024265573880429728,0.012950122145438052,0.037952192635059855,0.0,0.02219818154969412,0.052859472716676785,0.06027025128655653,0.07787180891101342,0.07328613304066944
4,0.020789541732122357,0.007882719644725781,0.039423227828223065,0.008911901928829593,0.0,0.059969639065073216,0.07583997867567357,0.07449688513625993,0.06656996267838432
5,0.03134530037605199,0.0068699224532614254,0.03520059952853536,0.008075106822945282,0.02343256065573196,0.0,0.048656999541002256,0.06993988959513298,0.03438214638115799
6,0.02809789399672709,0.01175850015552615,0.021694807748401428,0.00989781157893444,0.029999903421398494,0.050472583249581426,0.0,0.07591308699419683,0.05818777485015235
7,0.031307410261876965,0.005439936987565285,0.030311510084161566,0.008389634785558594,0.01800989034126111,0.04863296430613859,0.06802856252049147,0.0,0.04749291538341922
8,0.024801479817164893,0.007473489220421299,0.034629174505590374,0.0038072506447612295,0.02979105947275332,0.03566483383226044,0.056361478367811746,0.07717761814991833,0.0
