0.008819896679958606	-0.07108161966630293	-0.093156362947025	-0.10660586094275934	-0.11729500829577039	-0.11227516926582677	-0.10102463696575792	-0.0807644742684048	-0.05234523960762834	-0.025980759240998106	0.007542711519917354	0.030835224156597764	0.035156753805892005	0.0317180905469909	0.020794241069764255	0.0040174702829409974	-0.017132409736106614	-0.044881406685788224
-1.1663372991045615	-0.1698509664461252	-0.41091375558440646	-0.5447346101095616	-0.6123711758259989	-0.5745646056827326	-0.4858296342018008	-0.37513008930251285	-0.23832971779941822	-0.11545453630718805	-0.7969505010484907	0.3680107426871123	0.9569934332919795	1.1034098140185222	1.0289290772757897	0.8337063425695537	0.5206083146336973	0.12585190969975818
-1.0129477729495564	0.09945252603521466	-0.03435193564714963	-0.1045857025301909	-0.12686216732269037	-0.11164453663224366	-0.07357932652684958	-0.04734748997379295	-0.02645307166296943	-0.010539606565067718	-0.6902466843949134	0.23358229680845827	0.7244720576310679	0.8599769595421775	0.8294986348916595	0.7152675866862082	0.5148775991007386	0.2665903872592246
-0.6796542413973666	0.3526140563689821	0.3375265549943796	0.3349500702448833	0.3552392117051356	0.34348281225726846	0.3257069338918284	0.2670939307055681	0.1756265205153955	0.08897723216662097	-0.45427367495825666	0.09309895286370404	0.41258016998547253	0.515622049306911	0.5318411837700209	0.5115414537036124	0.44845787983381674	0.3746636011547744
-0.1423349632524901	0.6436518263832778	0.7776754278700112	0.857976625203688	0.9260710712270497	0.8783844494274547	0.7899994427786668	0.6301324785236356	0.40791928965207747	0.20291235465175064	-0.07138290474492293	-0.07443028871341446	-0.014431884462516269	0.03356425157384651	0.1073717659976525	0.20839314424144126	0.32697813361154415	0.481246147175048
0.35276888932352674	0.809278365452709	1.0523368367143666	1.1919574546179144	1.29060519323938	1.2174974511947056	1.0798132300077665	0.8545641838617013	0.5506808211192987	0.2724824472372043	0.27906795603267537	-0.20155214552859263	-0.3753816459224164	-0.3821521430790614	-0.2687944550864209	-0.077140379984687	0.1818335935514548	0.5109117631482205
0.6981448632423126	0.8666681164086971	1.1685770549372956	1.3391436349873498	1.45083475615242	1.3642124038282868	1.2012371271366853	0.9466252261776202	0.6084684572348419	0.3002400003035134	0.5227864107685428	-0.27161066690706104	-0.6043323290195687	-0.6513831372563976	-0.5183555563244547	-0.27615190719629434	0.06443290444819433	0.4939494765271794
0.8048029759320221	0.7845632179562056	1.0808555206764616	1.246981807679914	1.3516495445453731	1.2688077496631254	1.1128204548501404	0.8749084784716951	0.5615918769469258	0.27667753633632103	0.5937656714010441	-0.27746611050459397	-0.6583106337068436	-0.7224763536612093	-0.5956570973924263	-0.3561423478382526	-0.013229677529342851	0.41788469142178386
0.6440122537255228	0.5530618687279186	0.7718693380131552	0.894002180527487	0.9692247479742779	0.9088322746418235	0.7951591706365061	0.6242497741454	0.4003482741781568	0.1970477152995563	0.4721779182943291	-0.20887608936810964	-0.5124035509065304	-0.5671599166306123	-0.4749856469585794	-0.29731318758602554	-0.04046568825370248	0.28186781141074746
0.38892443744284516	0.2978098616683172	0.4205738120518281	0.48874640180282386	0.5297586741798949	0.496079131255901	0.43290392230824354	0.3393085203427926	0.2173956150880133	0.10689100589540296	0.2839945030648653	-0.11829554336703238	-0.3004296686037285	-0.33504826095189144	-0.28401163316636147	-0.18380288942760956	-0.037658557148806546	0.1453544050246296
0.849598935101412	0.1314833138415192	0.23776311219570465	0.28810942541125406	0.29976218174624286	0.26315530013682115	0.20777809607800252	0.1513658600061476	0.09246842769448002	0.04346621100879695	0.6190366948649748	-0.06582393102390213	-0.416225069266852	-0.5089903432538851	-0.47104750753315927	-0.37114463957878135	-0.20588008759705886	-0.00950932499194469
2.3246163038185657	0.2055771030219153	0.4340631393100638	0.5324150099054413	0.5324302207248677	0.44072587268359636	0.31526952597727437	0.21021699924910112	0.12010807094838566	0.05266908253068654	1.6983282572705631	-0.09024084225335821	-1.0210140857753716	-1.2766984287756735	-1.1957224492117715	-0.9641788915882803	-0.5683611772252498	-0.10846321764902903
2.638125908393533	0.13710063935080566	0.34707654263826765	0.42718314382694417	0.4019946787052289	0.3022235608781245	0.17781536887674118	0.09317856801921279	0.041396373794987	0.012476143030971769	1.936669096298356	-0.013937760421334797	-1.040645654103417	-1.330157391712793	-1.2558244270195302	-1.0262787225396959	-0.6224516188568748	-0.16308187032383423
2.2807030440187432	0.006999143893656961	0.13315837407756445	0.16717459318470101	0.11729103503761294	0.036346127247728545	-0.05056993032302272	-0.0843263753123911	-0.07177639239762977	-0.04279131430081855	1.6844291213106763	0.08636214484902907	-0.7687021714259964	-1.0186418951795417	-0.9746175711910497	-0.8138684159998488	-0.5160005996285648	-0.18922146690123992
1.207990142705033	-0.26977204629794554	-0.33752991484521533	-0.4050703234296285	-0.4996829113737228	-0.5293248788663939	-0.5248824699485384	-0.4465609564071498	-0.3001575408349727	-0.1532186159461583	0.9166404333729169	0.28433859649490206	-0.08991522629444301	-0.2217157083355449	-0.24794476358141807	-0.25470381439724826	-0.2217148738072959	-0.21973086550700008
0.298885716366837	-0.42035845883270867	-0.6215406336527893	-0.7559518016485088	-0.8732079238651355	-0.8647094077083979	-0.7968462985811319	-0.6492404573536539	-0.42591456467037647	-0.2130806172534804	0.2638947338535436	0.40822772569666177	0.4287259380580087	0.3988702551489196	0.3259087522528547	0.1991232849346505	0.03661112945994209	-0.19771277021971936
-0.5349153908838948	-0.4904393037034562	-0.7884067745272026	-0.9682260492260213	-1.0935804625124603	-1.0543515115969664	-0.9397389095472002	-0.7496086339728906	-0.4856543947498591	-0.24032173557749942	-0.33670841753912584	0.48484707724714465	0.8565143822297682	0.9215283182159281	0.816182416481991	0.5973872077162685	0.27950825286567343	-0.13930524356641472
-1.0279392811492696	-0.36776676830181754	-0.6634385342824332	-0.8332090282819573	-0.9340285076948885	-0.8871846546402601	-0.7721781118156781	-0.6067968583566516	-0.38961979414297604	-0.19109149365707467	-0.695440716118788	0.44677187792658934	1.0021677195856395	1.1270239376357443	1.0273898232509413	0.7965514249135204	0.4426719380968983	-0.010251640395957475
