18.131198378236554	-13.381728533277396	-23.769646248667915	8.54192199846091	-0.11104925274086025	-5.3971065879002165	-2.987909582903742	0.37834889220791496	-3.8002759428654436	10.934645795705013
-9.043344236220271	5.958321902044252	13.04778908035095	-6.440536961480769	0.9881766516818213	3.1268657439709586	1.556747526543391	1.0456468941043635	2.679532854342343	-2.8195048005634726
18.887135146575172	-22.493929521884784	-20.16916840135229	3.0740173905015515	-2.252797360328575	-3.8336021469780395	-5.929904575340843	8.577680445181533	-2.713733757366608	16.76666450190944
-25.01247208400574	6.021371980037096	38.767090207644095	-15.042557343609534	-3.689803098260796	6.261683614774794	-1.1263189146708257	4.947726959109912	0.5291071544460861	-11.683941761692529
12.362700129044475	4.85324747678241	-18.64936034795253	11.657730872372026	-1.0277669545947286	-4.481599348736082	1.1015795227879968	-8.741315424244466	-1.8606495904571287	-4.664945629050109
12.527815718692187	2.723101555580801	-18.884237863307195	11.586409414947596	2.48931375867729	-6.613265461418115	2.131908893536752	-10.815884561462447	-4.183816138245755	-0.058293657318504825
9.204815882665397	-8.241984266963959	-13.167631617012498	6.185855648424469	-0.36886125425954613	-1.5917307253164201	-2.5512407513508	1.5222524108451891	-2.092100249624569	5.624909848396376
9.711086932261363	-9.941900301028777	-13.997343964364783	6.58979318554147	2.7760382435453232	-3.992023947215834	-0.9900186220340911	-0.8016883141639481	-4.071756509666701	9.246426303065423
-5.098443250093403	-10.209718022671384	7.786579901507232	-4.7768342997840145	2.486849601551476	2.457867030945293	-1.8351978536492017	7.721590162526702	-0.623067934997842	8.969981277295739
-12.293877693251108	0.12677365524577078	17.977115899769657	-8.906722571453097	-1.023011550094323	5.34060721786563	-0.014242298128201157	7.34285950671377	3.584462993040032	-1.9106675138481473
