2.371284661318403	-0.015838169604259402	0.11436075978008176	0.06679599147174259	-0.10764294464399732	-0.28504771715538113	-0.3574839256807868	-0.36437760758013044	-0.32183417484524157	-0.17084376374559984	-0.07065355640596233	-2.9324851713870026	-0.04811486062990409	0.7981440205184023	0.37263295169634253	-0.17083198113529	-0.27715416491195666	-0.17128592290688854
-4.640247406003341	-0.366075098070296	-1.8703283430712023	-2.2570311920511985	-1.8311428469121371	-1.0424573693372141	-0.4952747267344962	-0.010986760653149475	0.335575976361572	0.3534060499545343	1.9766802305099935	6.179327892240422	-3.308857400944478	-2.89712471042212	0.8541042953557002	3.2230353671394703	3.041310417642636	1.6913469086764328
-7.265744108579078	-0.18811412576293843	-2.0262888053026713	-2.391977649303326	-1.6735152647056994	-0.5613798752525826	0.1431268799248365	0.6507725808190616	0.9274853891099638	0.6834201271956779	2.7936383926193677	9.836737753897028	-4.5305611078154815	-4.742222181939614	0.3723599790052752	3.9198082276170587	3.927997129243377	2.300715818601588
-6.380494644438623	0.17007310667650352	-1.2210133753541306	-1.4382694252398798	-0.7807293834820249	0.13587866946389537	0.6778479551745046	0.9844000541175922	1.0750086583131717	0.6940369382030551	2.341309877382736	8.684818545955372	-3.7402039539567635	-4.227003567052205	0.017002491181778857	3.107095199026781	3.253703198168586	2.036776918336128
-2.7880694378563176	0.6892313911247486	0.3525716560090852	0.3834979446412671	0.706869381048483	1.0243849593718473	1.1539992916818533	1.0808721726553914	0.8898202668290556	0.46192596661995267	0.8935371460605003	3.7961453125505664	-1.3955233230161468	-1.8808640442017157	-0.23179282678584298	1.1377457382541607	1.3855361647791928	1.1140965811364854
0.7814628754631022	1.0279690519458797	1.6032465201902668	1.8199355204243424	1.80043926010043	1.5620856231448796	1.3286808211604568	0.9572012376971685	0.5707637206187329	0.1853084950249763	-0.451926009642879	-1.0812100278504508	0.7348813539337918	0.4432274413939753	-0.3007510268416151	-0.5989246719258733	-0.32637783778437723	0.21362255880422892
3.204135968115766	1.2037695637657069	2.385166520218145	2.7193390535516717	2.459614597661896	1.8445243920684835	1.3695020821176986	0.8108891820278166	0.3108094135320509	-0.021204021578559502	-1.3887254819164025	-4.409245372568966	2.2232785292087813	2.070591417553847	-0.322549495257482	-1.7811012325148499	-1.5098944169053692	-0.4325293114964803
4.090977321132811	1.091124506925396	2.406786644133449	2.744357224250302	2.387597077153441	1.6622186166530044	1.1327128374021342	0.5681411922380816	0.09519352338273793	-0.14103328586271122	-1.6768143897101115	-5.621959030848152	2.66778377093412	2.660699268990734	-0.2508906870042863	-2.126707232971293	-1.9107912640306115	-0.7202509209626965
4.201237181519336	0.8700252982037235	2.1135260739524586	2.4104322574834827	2.029922885951657	1.318497764368758	0.8177721683854303	0.32129021394516755	-0.07158593219828009	-0.2088763930297145	-1.667238584302338	-5.7650141143714135	2.647977153848397	2.7434941569911038	-0.16802937685791222	-2.102929387154602	-1.9542944517641148	-0.835026344320076
2.6027914176555735	0.4282351983570962	1.1388769387883735	1.2958780072641085	1.054328126036705	0.63211365702193	0.34449674578167655	0.07770993975302891	-0.12110141140314061	-0.15719991653785467	-0.9955961013227361	-3.5739739463811677	1.5647665550397032	1.694418830909682	-0.04482815705271187	-1.2348656958739064	-1.1790551263072606	-0.5424383383371322
11.484841312956046	0.47188600538281567	1.9821622926278883	2.079550557229306	1.1603170837975447	-0.03912999742202259	-0.7014833612351064	-1.1116101429054992	-1.2575409792542767	-0.8043261846371796	-1.6858054374659763	-14.557298371681883	2.3190004800080533	5.058578926953015	0.9682405709242827	-2.5936723938942494	-2.840550870570774	-1.5206506742100958
6.051590343495832	0.08207764736649042	0.1689338980180169	0.09046349152650444	-0.07011927566338208	-0.21860119323329355	-0.24629587743846007	-0.2574084812707741	-0.23400100683177327	-0.09939341186383896	2.0078920672914538	-5.121357184801336	-2.4449533093130382	-0.49566129439087786	-0.0010637313928429629	-0.10030956854612788	-0.0777137020329632	0.006412914797993005
-10.572751251525519	-0.5857838915068866	-2.365269199282497	-2.417219446827867	-1.1893421994049178	0.3589110857862349	1.216873093576265	1.679397317734846	1.7851444590276648	1.1295356957759402	4.694712578389	17.066614241508475	-5.038021023415982	-8.017608226485338	-2.221330561038965	2.730813228113721	3.294958989263186	1.7673591718772252
-4.567630921358745	-0.3576775312464615	-0.5219064996117536	-0.33981580299560177	0.08242825373945213	0.4988933501300294	0.6664747410565259	0.7041531477213342	0.6375492574965951	0.34636111642575024	1.0111800191962412	7.596323024130365	0.5395462176139724	-2.0476687613788758	-1.4977100023433336	-0.3661999480977643	-0.0631007125429234	-0.18528779347115323
5.3083994112458965	0.03604129528165316	1.586727751129605	1.8881618937365778	1.2475735493046027	0.28538096496743176	-0.32693779664070927	-0.7271621001148822	-0.9156187369275665	-0.6472860859645408	-2.6079802810261765	-6.856105817966909	5.3454972365639986	4.892511872115269	-0.002765942307898934	-3.314294009588705	-3.4315203297777637	-2.0713414336657494
7.902260641350311	-0.03661193464503401	1.4059198871599667	1.5121716193316015	0.6094795718409346	-0.5352114287028171	-1.1767640511723279	-1.4778436935191464	-1.496968114531753	-0.9218310154067084	-2.964887638012965	-10.896234247318745	5.023077966573661	6.20499878711676	1.1717555264053812	-2.77387813272158	-3.1940307143421873	-1.9564120536371985
4.9972756189735374	-0.25015831328556537	0.24039842682796742	0.11805420271981372	-0.48014846862321603	-1.0968752012802707	-1.3788021357096516	-1.3831586690334596	-1.2039375965967438	-0.6557925763195885	-1.5897380653629836	-7.085463709047911	2.4399152752168627	3.9470005741270113	1.5007549758635117	-0.7806601440796987	-1.2574024984808787	-0.8681839915972495
0.44955695938856804	-0.40452859806217734	-0.9549167246530945	-1.246878116421226	-1.3694540162160176	-1.2957330609660176	-1.1541842012393686	-0.8755401626961241	-0.5619088380801829	-0.20703721779032222	0.15677587388486042	-0.8629557536143051	-0.4336928612889437	0.716302473290391	1.346324570188792	1.2975407160110306	0.9065376534072046	0.38150656775233155
