TE,0,1,2,3,4,5,6,7,8
0,0.0,0.11128847695993108,0.04468678039041052,0.1236450779140035,0.11030071682018736,0.05723992055784379,0.056554907889539735,0.0681675548533181,0.03429079767232051
1,0.14754247300449536,0.0,0.04333788836573474,0.13599089105272358,0.16236441773636515,0.06277074657644527,0.09782154842574176,0.09088370818722129,0.04143032593117473
2,0.10238320880554644,0.09460874932568816,0.0,0.11738987738277526,0.15249361017681143,0.04208527390607163,0.08196205727581136,0.09735612718553252,0.03248479814496266
3,0.09226577031029093,0.11424144223137378,0.041700240841374484,0.0,0.13051044492119745,0.06226796088570037,0.06753991229399944,0.08403322039813263,0.056797751844059
4,0.09893402578517616,0.11844600196888973,0.05076280179030503,0.1152880266512427,0.0,0.07077241270855153,0.07128046177669392,0.061202833672944656,0.042957752850989656
5,0.07696844075881903,0.08154903011273543,0.03315891058973799,0.11860228714381901,0.1271040303804397,0.0,0.07072904630185903,0.09888599625709218,0.044632038351693895
6,0.06254015515348142,0.0640293843023821,0.04694416980531459,0.12586203593867942,0.09271656248249563,0.04477739300974867,0.0,0.10222250480352396,0.03369876607871806
7,0.07499228861449136,0.06479291390062564,0.03760778695688394,0.10441948798762232,0.11366131919907385,0.05118236342781142,0.06724550890686426,0.0,0.03645071577655948
8,0.04254338564715013,0.04292924618472418,0.03217436266645736,0.09815030191660348,0.1144580453446997,0.04851245471394971,0.052694334262301364,0.0852176334224515,0.0
