TE,0,1,2,3,4,5,6,7,8
0,0.0,0.023373082174656303,0.049143835622905405,0.007410378276948692,0.010021531351904195,0.04839088116518399,0.04666194724601251,0.05824556592131665,0.055544011150041386
1,0.02068163585952598,0.0,0.03967130660551682,0.01992101207660029,0.010401549566852183,0.05608120671206013,0.06091715390826088,0.040926261636229706,0.06798512375976506
2,0.016093588167647395,0.03410392728283617,0.0,0.020347118123838475,0.016681471627348413,0.07324467683020067,0.06524897748566083,0.05077044220987475,0.06426500800410619
3,0.008389177776254062,0.014324075875403637,0.05921644480953871,0.0,0.013883507335980646,0.06597363965989778,0.07355263763227896,0.08274954694938441,0.06980884990016066
4,0.01293051735434107,0.01511193160959979,0.06269908957926627,0.010363722342071637,0.0,0.04147024399721875,0.06608077894285003,0.056793097446417626,0.08315482527480461
5,0.017999812775221846,0.016409593767667752,0.03304998143913912,0.004192513849895057,0.015591565467308428,0.0,0.10459091115050603,0.0717353582278373,0.07584717118126284
6,0.018912423760837172,0.020372807241426937,0.031465216515924085,0.015536441253098854,0.008541936886634544,0.06660717789233883,0.0,0.05155869943136819,0.08189810257360705
7,0.012314156910555003,0.015173385047132108,0.018754119319496138,0.016471959783689368,0.007878549177050085,0.07269371209777592,0.08537397381800693,0.0,0.0683375908381227
8,0.016013562114588698,0.018317794609714663,0.04204555885756572,0.002131772822209427,0.005432280908236014,0.052584035822923904,0.0823323921578374,0.07082189791261233,0.0
