TE,0,1,2,3,4,5,6,7,8
0,0.0,0.12863694602176354,0.04557067582586125,0.10941005390821817,0.09927890546300737,0.07383365974764233,0.06461254582970333,0.08230995523582699,0.03231801054749792
1,0.1191056051430976,0.0,0.053279462958614375,0.13102088987735366,0.1330801763349249,0.07367155602714662,0.10125329092981084,0.09107181479310902,0.03873572167229751
2,0.11856758964196076,0.09746328826300253,0.0,0.1420574585537533,0.1493085973718134,0.0463453321976994,0.10786903266684356,0.10583055876219326,0.03469030192855788
3,0.09172983193013076,0.1074589238172986,0.05294389954060193,0.0,0.09460873837901673,0.0835132539744457,0.08665071942899576,0.10705400796475262,0.062119824843515636
4,0.08933478108981219,0.11421557628215567,0.06539387378194993,0.08791146236920103,0.0,0.08081047639774558,0.0737372574830029,0.06914521575918234,0.05813481942970298
5,0.07806150453649724,0.08906750704967561,0.04036727221579528,0.168781476929681,0.16468444044137498,0.0,0.09244404799718062,0.09989676314346138,0.049767710311908374
6,0.0752620948993577,0.057168533881819986,0.04392591217788071,0.16963893351081266,0.16196519992377428,0.04878203758279865,0.0,0.09385535485778204,0.032714518132417714
7,0.0723581593453553,0.07522920383982641,0.032727090745549886,0.15601278193298465,0.16830619688282472,0.056611678927430895,0.09095832408392067,0.0,0.04011015193959816
8,0.044997804663223576,0.04986439831351093,0.039824495740057156,0.15988067595167219,0.14910428682812832,0.05431799830944167,0.07679247165101084,0.08788358631526075,0.0
