TE,0,1,2,3,4,5,6,7,8
0,0.0,0.042189314581448895,0.05300572471073235,0.01006336702494965,0.01191232944047807,0.05823574295501763,0.05818335904368111,0.07891172556117049,0.05237184315358931
1,0.028270887090952684,0.0,0.0403029550218207,0.03751388169195633,0.018077099174841755,0.06641314501159581,0.06808755563532366,0.06753533011510236,0.05952377458526677
2,0.0308625797537999,0.043955199161845544,0.0,0.041922393233941674,0.021596809089847086,0.07327790494027947,0.0778050295506403,0.07301220057685837,0.056680028166991116
3,0.009787560683230404,0.02562888437074379,0.05995145920351501,0.0,0.01321912270621882,0.06532064368948921,0.07897957232492853,0.09861340323369418,0.0726609101749763
4,0.014822856282856664,0.02797998084413953,0.06719321308265315,0.014967663383329303,0.0,0.04845879499954517,0.06448455096750934,0.06469970829613254,0.0858872411714644
5,0.02922116200154476,0.021493694733002715,0.032759856885480915,0.022091745614257273,0.026068589816362966,0.0,0.09924558515797653,0.08121449722992788,0.07408540192833936
6,0.02810130050622068,0.024175144432155855,0.03347889896115242,0.030261713395764514,0.013323854834287172,0.06816565103071122,0.0,0.06557003184181198,0.08692084856260915
7,0.023072899724818588,0.028940168860726475,0.0223902249935011,0.023015063844012237,0.011777489439485828,0.06940969162373922,0.09204861492300381,0.0,0.06984808690217335
8,0.022322074184626353,0.02232554468259698,0.038097998373232064,0.02232972586979397,0.014387043583688773,0.04948732669342842,0.08967004092817617,0.09058626314906548,0.0
