TE,0,1,2,3,4,5,6,7,8
0,0.0,0.10080274915286025,0.05330037729685351,0.03499552790297164,0.033944709339953964,0.07232020999524444,0.07694971926189983,0.09294460519406114,0.04423053725967871
1,0.07813941213894934,0.0,0.0660654437777224,0.0685858521975978,0.05762115399138448,0.08362253063061686,0.0884543597371496,0.09751309656512283,0.06668283823355449
2,0.07079027935449131,0.07289695985123437,0.0,0.08695807768018766,0.05745648451700765,0.0836105047060467,0.1064894423690976,0.11825819941015785,0.05300300826173619
3,0.03773305209092262,0.08372053847066034,0.06300195943099955,0.0,0.035525585490034026,0.08119223918534532,0.08245869365542088,0.1213496078107818,0.07088980873774642
4,0.04618875905137423,0.0919224621367403,0.0788169733928496,0.028374398470563122,0.0,0.06474303113726622,0.07559844111256032,0.0733200597631827,0.07966665649066552
5,0.05319981646338244,0.05477839394190197,0.03615120271366379,0.11921485476169524,0.0830061875820108,0.0,0.08335676827061889,0.09068304297173968,0.060329920677164035
6,0.059244045188540644,0.0518014132452463,0.049142965632124426,0.11482344426899634,0.0765845549815252,0.08213448135017887,0.0,0.0855511398700819,0.06374711458009967
7,0.05305005686094792,0.05122271442065917,0.03065812770016352,0.09544054628577284,0.06886280777515885,0.09082733596309059,0.10875046089481233,0.0,0.06037309682006743
8,0.0407809840913546,0.04259116448366497,0.043924618222921874,0.09514649601617033,0.0839303025872329,0.06101043593681198,0.10078940430743495,0.07351520351400918,0.0
