TE,0,1,2,3,4,5,6,7,8
0,0.0,0.12702874386634208,0.04557012926661437,0.06953361082659096,0.05720891952112862,0.07862170903318663,0.07844027242895756,0.08727153126352022,0.04137038896991454
1,0.11126928436537656,0.0,0.06706602689554167,0.11578735975589376,0.08236836443551632,0.0892092282927186,0.10128726416908661,0.08836645923664338,0.056716486096472424
2,0.09581948846609599,0.10462930662740219,0.0,0.14393454955505844,0.10499356549758654,0.07300285749340288,0.11597438296393073,0.10613552292555109,0.04518912403721689
3,0.06453019958328016,0.11092447983721404,0.062223669938000575,0.0,0.061384770180985856,0.09350305849789056,0.08777229662261041,0.11146388905162805,0.06900031127745133
4,0.06529274010733407,0.11938210070766364,0.07584060756670442,0.058363256606561484,0.0,0.08621012033996114,0.07083318901010782,0.06728090499738897,0.06721059766032643
5,0.07375366495530983,0.06562959350002044,0.039575393090503064,0.18223648553889382,0.14735861004257442,0.0,0.08816390907518909,0.09313949973473667,0.055626311671033546
6,0.07826214745280648,0.07335897724046986,0.044564392822941695,0.19597061358881857,0.15402798700678627,0.07624688843300545,0.0,0.08455550088111169,0.05130763521958824
7,0.07617877238287368,0.060227415776269194,0.03707122986451052,0.16912620808988515,0.1595411796582131,0.08229339358529206,0.10574828024329147,0.0,0.0561782538497476
8,0.043305990218965466,0.05268116070989004,0.03823211382140475,0.1686305547621884,0.14016086451653567,0.06639170790363352,0.08389508695290539,0.07719225560012974,0.0
