TE,0,1,2,3,4,5,6,7,8
0,0.0,0.09576438930040344,0.045113405736615625,0.13367412799222989,0.1398232861780913,0.04611938190543163,0.044770299807481234,0.05625797883946913,0.04643848559946316
1,0.17799928969760537,0.0,0.0515618805695849,0.12986064269961267,0.1380433700327682,0.052791225025173194,0.09066180724361644,0.09418533161165779,0.040663675860213286
2,0.09050204540106983,0.10473833877209283,0.0,0.08825855711095537,0.10424883571575083,0.030524060953849425,0.08558852360364042,0.1032906109189207,0.028567913296384924
3,0.1346657728770616,0.10081060538874606,0.043882355618589095,0.0,0.14862580280415513,0.04556473916251701,0.04082991049921071,0.044977004824472165,0.05993799196339305
4,0.13873977573309346,0.09209041227466816,0.0428982126122487,0.13819769626699407,0.0,0.057417140617352785,0.04706088425760871,0.05199042713543689,0.036997855761482484
5,0.07031750480370329,0.07082363439902258,0.03501878180997638,0.0724221725181734,0.10464272253693449,0.0,0.07263283222876914,0.12115635557702234,0.04919571548774671
6,0.04838996951923442,0.056324050792394956,0.05671235726886566,0.05867408537465295,0.06939407408389528,0.0411417564868227,0.0,0.09923842100298665,0.026739111452593355
7,0.06464718380994394,0.07019766967215546,0.0519393365381476,0.06011899659781386,0.06191317706108199,0.03689325403701334,0.08306381103953503,0.0,0.03254516929436738
8,0.07498906701157025,0.04398143784537297,0.034102654234456894,0.07997697309149548,0.08067628895064871,0.05606473090123412,0.05966250161455704,0.09584978583574258,0.0
