TE,0,1,2,3,4,5,6,7,8
0,0.0,0.0725677198288519,0.0604936425693797,0.011829912863816266,0.02247340901730605,0.05762047433683806,0.07459439876263575,0.08574660520104938,0.04682006228722042
1,0.051581811637766636,0.0,0.053051053401151536,0.03906122225851407,0.033164153244452266,0.06994480869454858,0.07815160600043235,0.08350651765231126,0.06322847794694017
2,0.045951653421078986,0.06056041861795705,0.0,0.0510907769855089,0.0339510477558615,0.07112450865113532,0.0919946786598106,0.09610652272425474,0.06193966677436594
3,0.019418500997207294,0.0637657947026887,0.07098355604853965,0.0,0.02888296989404531,0.07869174832725376,0.08792697162926857,0.11626617293766019,0.07801558409412657
4,0.023689179354466076,0.0683700976661209,0.07518034157484837,0.013606470043905439,0.0,0.053894136507875556,0.07800649229690328,0.0621307086063628,0.0850316487058583
5,0.036442672741143184,0.050852716861196245,0.03495328680623808,0.04794891616702627,0.04688514665184971,0.0,0.08905903526645595,0.09879476212188013,0.07338435624281608
6,0.040324469940248936,0.03069802298759,0.040707674796614496,0.048557759908705554,0.03713329815117555,0.0735254063961675,0.0,0.08494987680641058,0.08537882587062717
7,0.03530475311818347,0.04023526522191282,0.027617771217957617,0.043173886697903174,0.03689514993281584,0.07080322483522972,0.1005285281565245,0.0,0.07022389093605681
8,0.03320495724342491,0.026933649723040493,0.043281629000400515,0.03658432731608843,0.03807663849136053,0.05770208487943106,0.08049299575021371,0.08694911430961359,0.0
