0	0.0
1	0.00030591237
2	0.00040915032
3	0.005887663
4	0.0063117663
5	0.010287495
6	0.012119744
7	0.013142444
8	0.014942825
9	0.015320423
10	0.021999825
11	0.022224572
12	0.024513757
13	0.028452411
14	0.028845513
15	0.030697605
16	0.03235246
17	0.035098962
18	0.040133823
19	0.0416639
20	0.048315667
21	0.051715624
22	0.055906303
23	0.056277655
24	0.059901167
25	0.06308312
26	0.06501549
27	0.066168055
28	0.06719827
29	0.067483716
30	0.068497956
31	0.068532154
32	0.06936524
33	0.06936691
34	0.073603965
35	0.07411901
36	0.07426512
37	0.075046994
38	0.07646584
39	0.07828503
40	0.07832231
41	0.08207573
42	0.08336682
43	0.08398362
44	0.08739359
45	0.088297844
46	0.09103091
47	0.093240716
48	0.095075205
49	0.10074626
50	0.10551534
51	0.10631208
52	0.11357671
53	0.12130449
54	0.12271257
55	0.12716548
56	0.13220312
57	0.13284186
58	0.13383856
59	0.13778867
60	0.13794549
61	0.14145958
62	0.14746766
63	0.14854878
64	0.14980051
65	0.15295814
66	0.1566794
67	0.15890384
68	0.15908593
69	0.1604832
70	0.16410019
71	0.16714069
72	0.16716701
73	0.17417064
74	0.17615214
75	0.18478407
76	0.18728575
77	0.18750873
78	0.18769635
79	0.1881212
80	0.1882806
81	0.18927857
82	0.18937097
83	0.19140027
84	0.19317329
85	0.19474092
86	0.20771039
87	0.20806092
88	0.20873025
89	0.20994407
90	0.21025722
91	0.21229924
92	0.21273242
93	0.21558808
94	0.21570851
95	0.21774493
96	0.21782267
97	0.21859309
98	0.21970217
99	0.22123934
100	0.22378916
101	0.2240865
102	0.22817458
103	0.22850473
104	0.2287854
105	0.22883603
106	0.23143975
107	0.23204403
108	0.2328622
109	0.23390473
110	0.23665689
111	0.23807392
112	0.2384898
113	0.23870166
114	0.23906116
115	0.24019732
116	0.24032211
117	0.24194033
118	0.24217986
119	0.2436871
120	0.24408148
121	0.24473822
122	0.24692972
123	0.24717706
124	0.24759792
125	0.24780622
126	0.24782853
127	0.24805775
128	0.2480867
129	0.24822628
130	0.24830829
131	0.24901669
132	0.24920084
133	0.24933766
134	0.24967466
135	0.24975032
136	0.24975614
137	0.25157413
138	0.25221223
139	0.2534611
140	0.25399792
141	0.25432643
142	0.2543866
143	0.25453466
144	0.25531885
145	0.25553605
146	0.25603065
147	0.25726423
148	0.2572732
149	0.25829685
150	0.25859886
151	0.25880876
152	0.25890738
153	0.25896096
154	0.2589978
155	0.2596944
156	0.2597731
157	0.259959
158	0.26125377
159	0.26145375
160	0.26145726
161	0.26188627
162	0.26282254
163	0.2633533
164	0.26429656
165	0.26434645
166	0.26456738
167	0.26491502
168	0.26499534
169	0.26507056
170	0.2656832
171	0.2657244
172	0.26688203
173	0.26712885
174	0.26786575
175	0.26892215
176	0.26926523
177	0.27061325
178	0.27064905
179	0.2709576
180	0.2710126
181	0.27101302
182	0.27147794
183	0.27164528
184	0.27235776
185	0.27237964
186	0.27238384
187	0.27243
188	0.27261248
189	0.27297714
190	0.2731343
191	0.27316844
192	0.27398348
193	0.27424994
194	0.27435204
195	0.27471417
196	0.2748718
197	0.27488497
198	0.27493855
199	0.27511504
200	0.2753037
201	0.27545813
202	0.27595067
203	0.276058
204	0.2772721
205	0.2773161
206	0.27805135
207	0.27828512
208	0.27831656
209	0.27842233
210	0.27890065
211	0.27942845
212	0.27950487
213	0.2799216
214	0.28034768
215	0.2803565
216	0.2834045
217	0.2840047
218	0.2873773
219	0.28804258
220	0.29095462
221	0.2910563
222	0.2984354
223	0.31273207
224	0.3138183
225	0.3147262
226	0.31613603
227	0.31989098
228	0.3207681
229	0.3211884
230	0.3218028
231	0.32576683
232	0.3306507
233	0.3309466
234	0.33343485
235	0.3384054
236	0.34136295
237	0.34672838
238	0.3514606
239	0.35273626
240	0.3550513
241	0.3616393
242	0.3629057
243	0.36525768
244	0.36735317
245	0.37246042
246	0.3729479
247	0.37673908
248	0.37732685
249	0.37781155
250	0.387006
251	0.38760146
252	0.39337042
253	0.3943877
254	0.3954158
255	0.39767313
256	0.39849833
257	0.3994843
258	0.40105692
259	0.40143636
260	0.4021233
261	0.40303293
262	0.40485722
263	0.408415
264	0.40904254
265	0.40905765
266	0.4130709
267	0.41351178
268	0.41377172
269	0.41491464
270	0.41491577
271	0.41712508
272	0.41746143
273	0.41763124
274	0.4177188
275	0.4198058
276	0.42215458
277	0.42425942
278	0.42495292
279	0.42745498
280	0.42755768
281	0.4282109
282	0.43122724
283	0.43164626
284	0.4318632
285	0.43343675
286	0.43618676
287	0.4370386
288	0.4373314
289	0.43972614
290	0.4406852
291	0.4414065
292	0.44271207
293	0.4433341
294	0.44421127
295	0.4487366
296	0.4505187
297	0.4508384
298	0.45127204
299	0.4532773
300	0.4538933
301	0.4547325
302	0.45475015
303	0.45528078
304	0.4560315
305	0.45637184
306	0.4578351
307	0.4625309
308	0.46550205
309	0.46557048
310	0.46660787
311	0.46732113
312	0.46857712
313	0.4691581
314	0.4707853
315	0.47160754
316	0.47296137
317	0.47311577
318	0.4745925
319	0.47491357
320	0.47581297
321	0.47633606
322	0.47690386
323	0.47717327
324	0.47769067
325	0.47793937
326	0.4786114
327	0.47920647
328	0.47984573
329	0.4804829
330	0.48113742
331	0.48122412
332	0.4816404
333	0.4820327
334	0.48315626
335	0.48441195
336	0.48489994
337	0.48575926
338	0.48703223
339	0.48745546
340	0.4887814
341	0.48936495
342	0.49056095
343	0.49071342
344	0.49099502
345	0.491065
346	0.49154973
347	0.49169216
348	0.49183357
349	0.49222547
350	0.49253905
351	0.49268895
352	0.49383187
353	0.4943467
354	0.4952103
355	0.4953466
356	0.49669012
357	0.49672222
358	0.4976084
359	0.49855816
360	0.4997069
361	0.50043863
362	0.50063163
363	0.50064915
364	0.5016157
365	0.5020327
366	0.5021237
367	0.5031029
368	0.5036114
369	0.50379366
370	0.50386095
371	0.50410426
372	0.50447387
373	0.5046792
374	0.5049446
375	0.5058993
376	0.50611925
377	0.50769055
378	0.50866205
379	0.50869447
380	0.5091427
381	0.50916135
382	0.50917876
383	0.5092179
384	0.5092272
385	0.50924146
386	0.50935507
387	0.5137014
388	0.51618946
389	0.5162321
390	0.5167075
391	0.5173105
392	0.5225213
393	0.5241936
394	0.52516013
395	0.52942324
396	0.5312549
397	0.5314082
398	0.5334343
399	0.5386028
400	0.5397986
401	0.54804033
402	0.5624938
403	0.564917
404	0.567053
405	0.5698933
406	0.5712879
407	0.57485306
408	0.5796909
409	0.58133703
410	0.58500373
411	0.58749753
412	0.5930922
413	0.6004026
414	0.602437
415	0.6034395
416	0.60347384
417	0.6048409
418	0.6059636
419	0.6082539
420	0.6095464
421	0.6105777
422	0.61256844
423	0.61280113
424	0.6229789
425	0.6243841
426	0.6266913
427	0.6293022
428	0.62990564
429	0.63006854
430	0.6308861
431	0.6343823
432	0.63593644
433	0.63635105
434	0.6382736
435	0.63926595
436	0.6393835
437	0.63965523
438	0.6408088
439	0.64118975
440	0.64252615
441	0.6428788
442	0.64321625
443	0.6436218
444	0.646783
445	0.6476654
446	0.648006
447	0.6487534
448	0.65001035
449	0.6506361
450	0.6518462
451	0.6524167
452	0.6534615
453	0.65354085
454	0.65366435
455	0.65424824
456	0.65484965
457	0.6557787
458	0.6570733
459	0.6589978
460	0.659169
461	0.65967137
462	0.6596878
463	0.66020304
464	0.66029197
465	0.6607114
466	0.6607255
467	0.6609346
468	0.661011
469	0.66156274
470	0.66161263
471	0.66222674
472	0.66305923
473	0.6644175
474	0.6644484
475	0.6645436
476	0.664705
477	0.66473466
478	0.66479766
479	0.6648104
480	0.6656266
481	0.6656903
482	0.66569775
483	0.66573846
484	0.66609836
485	0.6673083
486	0.6691174
487	0.66962904
488	0.66985893
489	0.6707161
490	0.67135864
491	0.67266506
492	0.6730188
493	0.6730962
494	0.6733958
495	0.6734374
496	0.6739903
497	0.67403466
498	0.67455935
499	0.67514706
500	0.6758203
501	0.67595714
502	0.67633766
503	0.67680347
504	0.67686474
505	0.6774958
506	0.67751575
507	0.67790425
508	0.6782726
509	0.6793906
510	0.6798094
511	0.67992544
512	0.6802449
513	0.6817323
514	0.6827822
515	0.68279
516	0.6828241
517	0.6835204
518	0.684237
519	0.6843408
520	0.68478525
521	0.68499696
522	0.68525815
523	0.68534976
524	0.68552643
525	0.6858181
526	0.6862835
527	0.6865211
528	0.6870586
529	0.68719065
530	0.6876937
531	0.68879116
532	0.6888438
533	0.68907166
534	0.68911004
535	0.6892263
536	0.68952703
537	0.6900782
538	0.69032264
539	0.691809
540	0.6922247
541	0.6927366
542	0.69391406
543	0.6939888
544	0.6948863
545	0.69557214
546	0.6958494
547	0.6962685
548	0.69674534
549	0.6968976
550	0.6977948
551	0.69812477
552	0.69821113
553	0.69826317
554	0.69860685
555	0.69946164
556	0.7000692
557	0.70039743
558	0.7004913
559	0.70058715
560	0.7010552
561	0.701064
562	0.70155734
563	0.7015605
564	0.7030493
565	0.70357233
566	0.70456403
567	0.7050578
568	0.7051478
569	0.7055988
570	0.70570403
571	0.70586395
572	0.70620584
573	0.70692766
574	0.7072689
575	0.70750445
576	0.7076227
577	0.70770866
578	0.70854247
579	0.70854795
580	0.70857435
581	0.7088607
582	0.7088758
583	0.7090206
584	0.70955086
585	0.7097281
586	0.71002346
587	0.710405
588	0.7108264
589	0.71173894
590	0.7125532
591	0.7139002
592	0.71473324
593	0.7148615
594	0.715601
595	0.7187804
596	0.72053593
597	0.72148275
598	0.7232412
599	0.72452146
600	0.7259536
601	0.726743
602	0.72676677
603	0.734601
604	0.7354013
605	0.7384523
606	0.7399055
607	0.75054204
608	0.7517767
609	0.75331676
610	0.75950295
611	0.771092
612	0.7726643
613	0.77393734
614	0.77813995
615	0.7785199
616	0.7826315
617	0.78827745
618	0.7892852
619	0.789772
620	0.79179263
621	0.7935801
622	0.79581165
623	0.7963373
624	0.79865897
625	0.79890436
626	0.79920244
627	0.79928714
628	0.7995855
629	0.80057997
630	0.8013065
631	0.80156994
632	0.80307454
633	0.80440295
634	0.8048651
635	0.8050621
636	0.8065726
637	0.8072353
638	0.80728567
639	0.80739784
640	0.80799925
641	0.808312
642	0.8088166
643	0.8099203
644	0.8100252
645	0.8101087
646	0.81130016
647	0.8123127
648	0.81277615
649	0.8135429
650	0.8137245
651	0.81381536
652	0.81386274
653	0.8140452
654	0.814418
655	0.8147461
656	0.8147934
657	0.8148005
658	0.8148553
659	0.8152573
660	0.8157743
661	0.8167723
662	0.81702924
663	0.817102
664	0.8174169
665	0.8175572
666	0.81761724
667	0.8177299
668	0.8177659
669	0.81821764
670	0.81825817
671	0.81874114
672	0.8188004
673	0.81913775
674	0.81919813
675	0.81932914
676	0.8196775
677	0.8199438
678	0.82071775
679	0.82080036
680	0.8208159
681	0.8209814
682	0.821001
683	0.8217313
684	0.8238815
685	0.82411414
686	0.8245951
687	0.82551044
688	0.82574505
689	0.82622784
690	0.82625014
691	0.8268847
692	0.8274415
693	0.82774836
694	0.82827884
695	0.8286213
696	0.8295725
697	0.829642
698	0.8296904
699	0.82973725
700	0.82993656
701	0.8303625
702	0.8311064
703	0.8311843
704	0.8314303
705	0.8318934
706	0.8331038
707	0.83331
708	0.83357376
709	0.8336279
710	0.8336956
711	0.83391815
712	0.83483815
713	0.8350877
714	0.8358924
715	0.8360635
716	0.83715194
717	0.83795017
718	0.8380267
719	0.8390795
720	0.83913374
721	0.8412997
722	0.84196454
723	0.84222615
724	0.8424082
725	0.8424426
726	0.8434824
727	0.84432024
728	0.8450505
729	0.84573764
730	0.8460046
731	0.8460675
732	0.8466446
733	0.8468113
734	0.8471752
735	0.8476803
736	0.8479634
737	0.8480586
738	0.848182
739	0.84853363
740	0.8492637
741	0.849857
742	0.85030377
743	0.85106885
744	0.8537346
745	0.8544109
746	0.8549797
747	0.8550548
748	0.8553471
749	0.8565742
750	0.8582378
751	0.85886866
752	0.859194
753	0.8599749
754	0.862034
755	0.8621145
756	0.8621677
757	0.8623032
758	0.8631342
759	0.863765
760	0.86527205
761	0.86705697
762	0.86756563
763	0.8678546
764	0.86930823
765	0.86955225
766	0.869619
767	0.8699044
768	0.8708406
769	0.8715592
770	0.87389123
771	0.87414944
772	0.8756051
773	0.8771955
774	0.8801946
775	0.88184816
776	0.88247335
777	0.8825164
778	0.8827264
779	0.88375944
780	0.88433856
781	0.88451004
782	0.88831204
783	0.8895432
784	0.89075595
785	0.8911084
786	0.8913872
787	0.8917183
788	0.8925768
789	0.89281
790	0.89399093
791	0.8941845
792	0.89498
793	0.8959209
794	0.89593774
795	0.8959441
796	0.8966112
797	0.89714414
798	0.89739925
799	0.8974248
800	0.8980136
801	0.89846605
802	0.89850146
803	0.898875
804	0.8996102
805	0.8997772
806	0.9002549
807	0.90031594
808	0.9003554
809	0.9004577
810	0.90096664
811	0.90105146
812	0.9018572
813	0.9020102
814	0.90218383
815	0.9025778
816	0.9028024
817	0.9028932
818	0.90290153
819	0.9031173
820	0.90329325
821	0.9033306
822	0.9035881
823	0.9042543
824	0.9043321
825	0.90517086
826	0.90540034
827	0.9055921
828	0.9056731
829	0.9058519
830	0.9060753
831	0.9061982
832	0.90684444
833	0.9069673
834	0.9072246
835	0.907387
836	0.9077745
837	0.9079996
838	0.90805495
839	0.9084316
840	0.9085732
841	0.9088787
842	0.9090263
843	0.90919244
844	0.9092358
845	0.90925616
846	0.9092894
847	0.90928966
848	0.9098241
849	0.91005945
850	0.9107735
851	0.9108195
852	0.91088
853	0.91094327
854	0.9110858
855	0.91137004
856	0.9114467
857	0.9114565
858	0.9115366
859	0.9116016
860	0.9117299
861	0.91184634
862	0.9125086
863	0.912815
864	0.9128155
865	0.91345483
866	0.9138351
867	0.9138771
868	0.9146482
869	0.9149141
870	0.9150545
871	0.9153078
872	0.9153288
873	0.9161224
874	0.9161818
875	0.9166883
876	0.916802
877	0.91691524
878	0.9174563
879	0.9182165
880	0.91843647
881	0.91862667
882	0.918692
883	0.91873443
884	0.9188084
885	0.9192922
886	0.91938984
887	0.9197726
888	0.920021
889	0.92020196
890	0.92026424
891	0.92040443
892	0.9205891
893	0.92114663
894	0.921195
895	0.9212879
896	0.92143434
897	0.92190945
898	0.9222075
899	0.92248666
900	0.9224869
901	0.9229495
902	0.9229959
903	0.9231735
904	0.9241667
905	0.9243226
906	0.9250006
907	0.9250332
908	0.9253463
909	0.925587
910	0.9256634
911	0.9259827
912	0.92670596
913	0.9268749
914	0.92712
915	0.92721075
916	0.92738277
917	0.92861855
918	0.9290204
919	0.9294559
920	0.9294893
921	0.9297338
922	0.9312363
923	0.9315502
924	0.9317218
925	0.9321843
926	0.93227553
927	0.93232685
928	0.933147
929	0.9335438
930	0.9341838
931	0.9348747
932	0.9351122
933	0.9352582
934	0.9355447
935	0.93566066
936	0.93622017
937	0.93624836
938	0.9365328
939	0.93818754
940	0.93945795
941	0.9411046
942	0.94245726
943	0.94436616
944	0.9447324
945	0.9449498
946	0.9452377
947	0.9470299
948	0.9472129
949	0.9484313
950	0.95026195
951	0.9510232
952	0.95230985
953	0.9525087
954	0.95269704
955	0.9527503
956	0.9549647
957	0.9554893
958	0.95671004
959	0.95722014
960	0.95861083
961	0.95975417
962	0.9601201
963	0.96213156
964	0.96325284
965	0.96436226
966	0.96467096
967	0.9676427
968	0.96781033
969	0.96824574
970	0.97181267
971	0.97300875
972	0.9739403
973	0.97401243
974	0.97442114
975	0.9745608
976	0.974622
977	0.97559124
978	0.97635823
979	0.9768556
980	0.9772168
981	0.9772912
982	0.97734725
983	0.9780537
984	0.978081
985	0.9781292
986	0.97897613
987	0.9797277
988	0.9811762
989	0.98122615
990	0.98130274
991	0.9823611
992	0.98600215
993	0.98619956
994	0.9866134
995	0.98680127
996	0.98754245
997	0.98998183
998	0.9924468
999	1.0
