1.7443356436173307	0.037030279250457765	0.8214095898149412	-0.8974331519895212	-0.7638927797084567	0.6675012459424884	0.12373866676976605	0.024871569128311417	-0.18910033839636992	-0.39076309675163806	-0.7162896554514384	-1.7151301490873887	1.0640847745398372	-0.3486650629767531	-0.39717784947766205	0.37253320215126906	-0.09451148686206651	-0.03694321253919417
-3.892894739271415	-0.09626577635292478	-2.288038696448811	1.3662603012321595	1.056541435052437	-3.019222893705472	-2.0556747850607433	-1.6449949690764292	-0.87033780858664	0.4638872677911055	3.3290203558246776	3.581057659767727	-4.923528598715079	0.09821756179989281	2.962544407011259	0.8901748053252062	1.2799491978434863	0.21612595734376877
-6.314818988231618	0.33845279114223065	-2.8818374122989194	2.4611215224519447	1.8843976973811432	-3.6329771783978115	-1.9381469515875083	-1.3979231805659784	-0.3632028570246682	1.0052732691628459	4.304064940978199	6.518881082145145	-6.1379572103103115	-0.36239997839400034	2.524368249749807	0.3915039894090632	1.7652562787043868	0.9233908546105855
-6.006480854372107	0.8511162025507989	-2.2404602620444742	2.7144082067354742	1.9881423284351765	-2.8028571145873715	-0.9475766286698062	-0.4824633806285792	0.43036409231791567	1.2181320574379442	3.416202488379914	6.679865163630283	-4.835936384095561	-0.5163586118027226	0.9956208339733471	-0.21844019678846868	1.7689672049049954	1.5826782230178096
-2.3203916818321764	1.1353964131989416	-0.028490646698913838	1.4630380746011278	0.9982848613676703	-0.3049709051036564	0.5234014368510744	0.6192607205050716	0.859637916575428	0.6625563371604507	0.6838716016334887	2.9955651527136267	-0.922720137339084	-0.5097023374592963	-0.8281155996148096	-0.29233930211421433	1.0931303032715494	1.5952874768389178
0.2780618253723885	1.0382090427897783	1.0456542069549255	1.2356074394326466	1.0338393103468124	1.3397144770415783	1.577064712514122	1.3848735731013124	1.1545752492553547	0.4436590483533318	-0.8301159738006977	0.10753846973311071	0.9739044548753772	0.1340676864467351	-1.3348174699048656	-0.5598184660121939	0.31690997943722543	1.1002608610520261
3.1902607623100665	0.8351733435556139	2.0640629882625507	0.5662349318984543	0.619721529572836	2.73286539269204	2.292254009912834	1.8593819648000085	1.208530063570274	0.07881461669506067	-2.3745908465322727	-3.1546601577529674	2.8910851325750073	0.7169252285569605	-1.693553616088655	-0.5812412240032053	-0.3879524212082655	0.5635962020786269
4.728910006079506	0.6055178506114678	2.5675964778335234	-0.10996209051797504	0.12026121085730125	3.336429626735797	2.43247772155635	1.8934888721815522	1.03403620940786	-0.23651309161042486	-3.1539179992550155	-4.9219455302510235	3.9387359631825687	0.8987726997312343	-1.769563644436178	-0.44088789676565543	-0.7839457631083038	0.15378681345946055
4.724221923372367	0.2944609101074748	2.226506418129996	-0.3535878641367241	-0.060157248680744	2.947286931416832	1.9892586227124842	1.4983318671149553	0.7027139554189518	-0.3392921774379319	-2.8547478266441413	-5.075583054615958	3.5021007464140044	0.9544771573784562	-1.254836079612253	-0.27919277769252304	-0.8841562736032725	-0.20137446006566642
2.616607080744222	0.12942876738838316	1.24845439401944	-0.44767706260324913	-0.28045226142367063	1.5436603192173244	0.9547628466470724	0.7034542703681765	0.2792992041394201	-0.2696535920078763	-1.6058594062464093	-2.8040436739111203	2.0397377621702306	0.400347994112233	-0.7162138734746084	-0.04677525224169725	-0.4571626987034387	-0.11265813260736217
14.468480400675356	0.08288020981091414	6.832759684356475	-6.431964217152121	-5.068181788178536	6.2466568194849295	1.6127067662899828	0.592516264155723	-1.4224008253342844	-3.0845042974099655	-5.815676846959727	-14.611552872390254	8.5828089996421	-2.0755451392115867	-2.540165870588563	2.734388600116717	-1.395873905882623	-1.0358284813230882
7.80443420831255	-0.09451586908234229	2.509308001317533	-2.137707943440798	-1.2425688780033675	2.249425011715104	0.12396142228219828	-0.31152263132745805	-1.1654328460815027	-1.2723705376700059	1.1550933276226725	-6.0743935238923426	-0.6812525324362453	-2.9914000471168465	-0.20288150327320786	1.548846168461424	-0.40550048199592814	-0.8851036450010338
-13.815738400063093	-0.09830603034974264	-7.5187083426658585	7.018536185027624	5.841496870977434	-6.881440117081829	-1.9721493738527196	-0.83069420046854	1.3349978851642694	3.388393492261374	10.336218298063114	17.59592826446599	-12.661384843536936	-1.064377259302797	1.925439775636832	-3.1078453847968337	1.5677751515988736	0.9816202366994617
-10.39932363510217	-0.035080836538152166	-5.024302694419707	4.376961354212525	3.2984156349970535	-4.268671708660694	-0.5067801911260891	0.3195853305416571	1.8273479229384053	2.5130592782607843	5.029013161299984	13.488582702699244	-4.917933222153303	0.31260911909858635	-0.6254917062433624	-3.254565364726279	0.5982450833807844	1.0516936265967334
4.130775789422118	-0.17194905125321872	2.53904558911645	-3.0378966455875758	-2.7888153886292186	2.8820757181017425	1.6343043461516114	1.3102996859211693	0.5769232944090231	-0.9251475765503313	-4.483546090087639	-3.096994803931794	8.215897163651674	0.6143302433904585	-3.388092570939809	-0.5742488257181454	-1.4009864184136789	-0.23019151544325286
9.446510610840177	-0.6595664648277486	4.214745530366086	-4.608994970206005	-3.74032311779908	4.502769316518389	1.545513303458159	0.8293940233411677	-0.5715411655491799	-2.0325265108544968	-6.209652502910925	-10.163974787319136	9.480915857791302	1.4430885958224138	-1.693813869907548	1.0016487265354563	-1.9958056847020964	-1.472636984645592
6.548692864186132	-0.7338876111670791	2.3099467581657134	-3.024632624632851	-2.3683189338948853	2.257563912511149	0.16026717451865538	-0.26892210575635656	-1.0930716837168595	-1.5052231439014023	-3.359934208519434	-7.718670789680898	4.726079281382027	1.3875028636026507	0.6367155122993199	1.4426629224034844	-1.1038756726600714	-1.4018536726789146
1.5551133965602173	-0.6130690931286121	-0.30559745818140066	-0.5374948922203119	-0.30802786542638294	-0.6033304834621905	-1.1578514031509832	-1.170413985625385	-1.171986296767837	-0.48991722888887307	0.36995958501444026	-2.6102761761026603	-0.9582717915389558	1.09747535496067	2.589894161636372	1.2867327349327224	0.022452754067896003	-0.9162109599267175
