TE,0,1,2,3,4,5,6,7,8
0,0.0,0.12871944522658266,0.06913330773426558,0.11809063262837957,0.12423979830656194,0.0339130705338619,0.10940845446316178,0.16646413026916437,0.052160043844376835
1,0.1354154776541302,0.0,0.043259630192863746,0.09824786770451055,0.1120634020073938,0.0406505422613179,0.10060675025083954,0.13289178485160102,0.06621383653051621
2,0.15016803038255586,0.12734265037716783,0.0,0.12950355369965402,0.1480300775164861,0.03411031399868335,0.1085784357813108,0.16313426585348062,0.052200882985875705
3,0.14636697365504928,0.144333255474767,0.06407809099314957,0.0,0.10423978372969032,0.05132938893261537,0.12524618842556323,0.17748682988735265,0.0778680478307438
4,0.1321398181658752,0.14082787676243494,0.09039373988668956,0.10558015868258087,0.0,0.055968183829348955,0.15764409099412602,0.17132603163987936,0.11247739450211705
5,0.08017164168905741,0.06720072098862888,0.04407572932799187,0.1802943609816831,0.15692666964311258,0.0,0.14069130348386932,0.20527736739529395,0.07860851908122128
6,0.12317338201041084,0.07746522582440463,0.03951938076519685,0.19133005584091914,0.14588455160667832,0.04188588471191783,0.0,0.21757061807979464,0.055676396218207455
7,0.10425583662773232,0.1010302854301174,0.05946824652043201,0.1683581403501011,0.16192298326023882,0.03805930520312399,0.13017969060074308,0.0,0.07059540912786914
8,0.11586142903201521,0.06436376870219965,0.052707153292069445,0.1747126766885279,0.18412013704528724,0.04344396432327661,0.15733730780046778,0.21017370429477325,0.0
