TE,0,1,2,3,4,5,6,7,8
0,0.0,0.0,0.026455203228057955,0.005393472020026327,0.03541743950913499,0.030339662844129416,0.026872159278786074,0.02798001971221874,0.029373655180916766
1,0.0015921460413857692,0.0,0.024273300767309096,0.004957288503519763,0.009925829533153865,0.017601860878111185,0.015157318496886962,0.01727721097974695,0.020226278808378607
2,0.013233503523024649,0.0,0.0,0.009662296023370336,0.019125421092317393,0.019345369602938364,0.026567842109167066,0.02641730621477128,0.0166645559931368
3,0.05519675332673137,0.0,0.030433715429176174,0.0,0.05644426731663598,0.03164239189117795,0.040400635736755744,0.04081383066982919,0.05100389780602376
4,0.019439707197805384,0.0,0.030526657410894824,0.0033278884421781745,0.0,0.049500581005695155,0.046803213295282836,0.06846847288336769,0.06044553623855305
5,0.0542088749371458,0.0,0.019345901163034133,0.025481731947818127,0.05011252388212081,0.0,0.034240227812147035,0.05179476430486298,0.029710198060297493
6,0.04935698446466457,0.0,0.01599152626108776,0.01792862711549327,0.05464554006223983,0.03625165992775716,0.0,0.05435893407036707,0.04305933154210349
7,0.05361554574812959,0.0,0.02831092194004422,0.019149851420300405,0.04574689449041623,0.03602765186330916,0.058097772116455254,0.0,0.05165154885613063
8,0.049406545841692705,0.0,0.03749090150685159,0.01932637877068267,0.05340496972163421,0.02854194898111998,0.04023017970586505,0.0503497448827125,0.0
