TE,0,1,2,3,4,5,6,7,8
0,0.0,0.09046375232603646,0.07440946472015925,0.09355551192086248,0.09608897652622879,0.03839196824533098,0.12946638679320147,0.16854742856560934,0.0507895751356577
1,0.11264178342643208,0.0,0.05653213633852719,0.07983659622771491,0.06848218046434368,0.04618999427044281,0.09173949448361163,0.1343847900205423,0.06416424880476543
2,0.12848147498160728,0.12330754945247269,0.0,0.10043354206675002,0.10837764182605605,0.03397979397831907,0.1147033407887467,0.15755932716196652,0.05559000123345169
3,0.1327694753800124,0.1104706921978779,0.07545819483406495,0.0,0.08429050139070271,0.059186048325180256,0.14120052620588613,0.19702059826802917,0.07922418331663085
4,0.1181388716241949,0.11900102597908209,0.09420529719595738,0.07859982419028938,0.0,0.07434260017120156,0.15885143141981045,0.19487122477814864,0.1260003553996564
5,0.07970213892908268,0.035528496364530086,0.04054740998487934,0.16185398820225524,0.16026354022678613,0.0,0.14087882289443676,0.18879704350973647,0.07166558714123489
6,0.12937453742600732,0.07103358000875254,0.03452746210915507,0.1558356345200086,0.1443591985188893,0.04207063925521427,0.0,0.20421528043015708,0.055124037799334974
7,0.12066948354727342,0.09128033913501701,0.060653391561898216,0.15873016290918107,0.16356318036541062,0.04093482836407594,0.1260861905190262,0.0,0.0750722615155164
8,0.11899678221601995,0.04299363149853348,0.053364233182385756,0.15763759896912513,0.1592919037726308,0.052310127001146456,0.15944912746250045,0.2089154880378878,0.0
