TE,0,1,2,3,4,5,6,7,8
0,0.0,0.0,0.016237217777136825,0.0019988989454327055,0.026507694788818894,0.033329072749134644,0.030672805549240602,0.016892990215875228,0.021432090005224946
1,0.00036613715074924636,0.0,0.015081215842896952,-0.00021012844007413438,0.0062483790095488505,0.022498289630930566,0.01290429816959605,0.018358811909430103,0.021432524166741244
2,0.006456421857682206,0.0,0.0,0.0019728066053797664,0.011182400861272368,0.026719257516128494,0.02817596754960242,0.021372490802852917,0.01649762953039172
3,0.0507442867766804,0.0,0.0233784765681819,0.0,0.045870321827483546,0.03723751153952529,0.039282364893164265,0.02973615978379944,0.050293822025680925
4,0.019108073382691056,0.0,0.026757591325092242,-0.0012031136979107062,0.0,0.055412127721219895,0.040401007272950006,0.04856034153092633,0.06066313035076629
5,0.04988257671704179,0.0,0.017761357218619427,0.0125583613599599,0.03293697516533929,0.0,0.03277826980462774,0.03308047683227311,0.025107785678539777
6,0.04392560012540391,0.0,0.016778197908788997,0.005952778477274079,0.045558635555678836,0.03950057400075354,0.0,0.042577851216300755,0.043702349728124174
7,0.04974029320066309,0.0,0.026165674280609227,0.0097738831354327,0.04077812068995094,0.04093813390676653,0.053078991245545916,0.0,0.05806482842280811
8,0.04594336534057037,0.0,0.031482566561947256,0.008757624396856496,0.03650069338598862,0.03415997544428522,0.0295148525598629,0.03924752614235871,0.0
