TE,0,1,2,3,4,5,6,7,8
0,0.0,0.15698716631895587,0.0629894935218012,0.1090081385830883,0.13272666184076073,0.051186092366583225,0.07390102874422969,0.08133624504562084,0.06225622585111234
1,0.1775201484247217,0.0,0.05798168304834775,0.11008971762030342,0.12008002066970365,0.061088094535035095,0.07950287520841591,0.09424656164306545,0.06741352666128039
2,0.13018444413895866,0.13709784131854158,0.0,0.09877412999018254,0.1253033503899906,0.041058923580130746,0.10505058609222359,0.11635956667908018,0.0746202021410059
3,0.1540035699444974,0.15308362077022278,0.07188321632969832,0.0,0.11807996642575089,0.047883143765509305,0.06056368502111622,0.06366303391692793,0.08934694139808598
4,0.15973193504109687,0.14187961413452196,0.08501418953657844,0.12448436694466525,0.0,0.059592413356192794,0.0745949349641668,0.06719733032986022,0.0921508512033769
5,0.08204400041352669,0.11346696393621787,0.04387802791152873,0.08416476733928635,0.09482628749535627,0.0,0.14124064168297928,0.13957879190335562,0.12878786965478417
6,0.06701906415998962,0.068135870924473,0.06129310103299371,0.05952684607984238,0.06731370519851518,0.052467830919293884,0.0,0.08651485027617728,0.0966441727560878
7,0.07373152681526263,0.07360151872091314,0.0829985242731861,0.055190248056574506,0.06673038043226996,0.03616406879533152,0.09457704615071581,0.0,0.08878822989207613
8,0.11259130637592504,0.09712704040396145,0.04391186694459629,0.08048700513034016,0.08443982819377141,0.06298571555317516,0.13141720294775988,0.13226972291445876,0.0
