TE,0,1,2,3,4,5,6,7,8
0,0.0,0.005073746312684346,0.04742716776137612,0.033759051222300086,0.058735962976784364,0.02010209159481329,0.03801879815373832,0.05851917014812875,0.03355720769588806
1,0.016918827597445278,0.0,0.04380367050186428,0.021438408296575673,0.04265321139522625,0.017662649240941034,0.019801212740462933,0.019235147830440332,0.02071534441978216
2,0.040418252220540345,0.003044247787610587,0.0,0.03058453904901651,0.060907154610961564,0.01512148049870252,0.029116412090526615,0.034979168043918554,0.02197204092592088
3,0.07148579837827751,0.0066820858414397485,0.052254628986385825,0.0,0.07744905850849804,0.03039311878764047,0.06337172731766265,0.0942421422101658,0.04156212233699571
4,0.037559171824822976,0.003044247787610587,0.0546070569414865,0.022139083649334985,0.0,0.0412641626540031,0.08573215327880569,0.11565529519532117,0.08275568707658709
5,0.06777902710294606,0.0,0.034142331788090105,0.0647293971780779,0.1159742466486262,0.0,0.06466010116856129,0.09501732800374837,0.043485786928928516
6,0.06942312500218072,0.0,0.020161708755202217,0.06725067067918104,0.11083590269247295,0.03499367494145194,0.0,0.10995536263665566,0.030451660146510025
7,0.059862363811282335,0.0,0.043614843493850905,0.08012246429955427,0.12138097170092121,0.03559045251486731,0.06516208536199337,0.0,0.04534625999364028
8,0.06857501025105428,0.001608339528755368,0.03652248863858614,0.05802941306776687,0.11195062003280962,0.02694586524451867,0.07589258276013815,0.09575489895750369,0.0
