TE,0,1,2,3,4,5,6,7,8
0,0.0,0.14527987014360882,0.06596441472843571,0.14628657523052638,0.1404383898801002,0.037964694678315994,0.09456927901242435,0.12073516620129214,0.056269616919551825
1,0.1519498520586115,0.0,0.05186508413296124,0.13750847928589113,0.11965569842430068,0.050228132393638575,0.08710087506004631,0.11058978536666929,0.05510692953891253
2,0.15459332462106273,0.11094479605094915,0.0,0.1265125043502167,0.14023151995742356,0.03678592142153931,0.10856775301251753,0.14691480828330458,0.0478677385104486
3,0.15151746646042114,0.1561412835573629,0.08043797770926299,0.0,0.11100747638431059,0.05520131362237067,0.09303754434909302,0.13158856234200028,0.09089535319750369
4,0.13776690490581547,0.1496189235506144,0.09281300751430535,0.12015041315515998,0.0,0.06116523569440861,0.11920790957946556,0.11873048563384658,0.10663407918031301
5,0.08376877967675181,0.08645152516531011,0.04482110866169641,0.14035560926958368,0.11731756398966438,0.0,0.12891534345168165,0.17036517435050913,0.10166680959358959
6,0.08943282594236227,0.06375798437169525,0.045415617354392535,0.12514227753354965,0.1166113156930517,0.04585569945250765,0.0,0.16679038918534242,0.06897819449085048
7,0.10494534370353463,0.08894620097419852,0.06740872204737142,0.1295001450392562,0.10542724638839093,0.04352664311930936,0.12842186457008947,0.0,0.06794851165579047
8,0.1241675483965176,0.08041200955308848,0.056813850485808566,0.12382090880779628,0.14328438969332316,0.06038570949812126,0.1325572433935178,0.15473415640232005,0.0
