TE,0,1,2,3,4,5,6,7,8
0,0.0,0.0,0.03757101139539979,0.011647245002379097,0.04339579760890533,0.02284856421261037,0.024087385986639957,0.04404372108090711,0.032603406459617276
1,0.011635950511019413,0.0,0.03323687485779521,0.010494856230987584,0.015863565986432446,0.010782144706969176,0.01595205797467613,0.016174177053221286,0.021275252267197467
2,0.021362659736204968,0.0,0.0,0.014592186000452138,0.03488942721175641,0.016499313279194787,0.0249420901780864,0.027941057734306822,0.021908777671568232
3,0.05705477314427809,0.0,0.04038653814009032,0.0,0.06363403338272981,0.027237579213791385,0.04801293324129609,0.07081970933456835,0.051370401777952795
4,0.02319300559258789,0.0,0.04297744677420109,0.008688402773337229,0.0,0.047301022229133266,0.07384767783877778,0.09054505311397879,0.06022874316980869
5,0.044897272786858705,0.0,0.017337488631876823,0.03545276436868672,0.0694501425396071,0.0,0.04806224322369695,0.0733443981224976,0.03244245294405013
6,0.04796801365014748,0.0,0.023044164706560278,0.02803223398988444,0.08483616587916945,0.02560500330069336,0.0,0.08189502464794846,0.035580044680795835
7,0.04009674033893668,0.0,0.03148262651169906,0.029592982038545053,0.0759718981092217,0.02634286842969279,0.05940786743152052,0.0,0.04459520302001563
8,0.04615140585477405,0.0,0.036773326035350135,0.025784983277757162,0.07548615830249958,0.025635199225532573,0.058707811222221094,0.06717645980004722,0.0
