0.3229229813473808	-0.3474905497073853	-0.37815865880494454	-0.4008734865926929	-0.3959089974468552	-0.35278148636374873	-0.29994423066500275	-0.223937844559116	-0.14508014402767155	-0.05609656211260625	0.2801598114586794	0.18475957671187085	0.08841255570504832	0.016328153143017374	-0.07642475906048089	-0.14237868836327025	-0.2040610050826694	-0.2848676466787523
0.014786225090547944	0.3440430201114415	0.34894867815148717	0.3487044884400317	0.3317067505780152	0.29017354131586703	0.24215767947291697	0.1785896368426248	0.1153668689879748	0.045301918211047495	0.04028274485094169	0.0921348126778799	0.14284274648473475	0.18023597682420137	0.2315982750781176	0.26068398512390223	0.2862385769454107	0.32197492536296285
-0.009531258125225064	0.3765204574569364	0.3838461666723803	0.38532645256820586	0.3676529162832071	0.3221093365188901	0.2692304857935587	0.1987634964623847	0.12843082965580616	0.050365388166227064	0.01966678388043686	0.07968842676154085	0.13861793623645832	0.18215278483573255	0.2414745929628931	0.2760897208058507	0.30678673136754814	0.34929947628209373
-0.03144505756184896	0.4008973236263542	0.41031814589298987	0.4133416370956312	0.3952931205633125	0.34672667481725183	0.29015073064026903	0.21437763995865458	0.13854585419248652	0.05427798982869197	0.0007156304242377175	0.06733551435592075	0.1329250805847314	0.18144160967475018	0.24718065857825744	0.2863424589430888	0.3212880270343676	0.3693715697668439
-0.04381676886994522	0.3969852035536628	0.40727902046095105	0.41113466789700237	0.39372023226452985	0.3455835074552107	0.2893967808118282	0.2139202529210058	0.1382655164506891	0.0541363716860924	-0.011331550780471981	0.05625293588431246	0.12289605402013681	0.17222691188924436	0.23885837808838717	0.279010615146439	0.3149613034108712	0.3642535140943942
-0.04447795604602548	0.3541887308672411	0.36378265670275317	0.3675886126796978	0.35224601914172815	0.30927983438839646	0.25908106946204296	0.19155309948484867	0.12381512984315764	0.048465081376642745	-0.015223639411736887	0.04576078248007284	0.10593882682860457	0.1504985743485793	0.21059840587989093	0.24700504658228045	0.27965184288258504	0.3243427973761747
-0.04240134605174507	0.3015189236838287	0.31003151585291394	0.3135798833063707	0.30068271457106244	0.26409001484410116	0.221297791097936	0.16365310568553992	0.10578667127949229	0.04139693588116716	-0.017268842808153252	0.035224745179933105	0.08706010392974461	0.1254544510105775	0.1771660815331645	0.2086500897933954	0.23692389333714758	0.2755695532761771
-0.0338758670953767	0.22529656055489536	0.2318241446132173	0.23462456854254582	0.22506695975517158	0.19771704957016356	0.16571429330997994	0.12256526071735965	0.07922976152398846	0.030999144263305866	-0.01498628997134704	0.024516540540505692	0.0635411872084763	0.09245243055060653	0.1313570033746923	0.15511947811933963	0.17647869310241338	0.2056452072901896
-0.02228297146761472	0.14598813238923278	0.15024315863103038	0.15208034766706205	0.14589918112551725	0.1281757718756836	0.10743429431149118	0.0794628973734593	0.051367528690662065	0.020097051698330922	-0.010026147032183293	0.015613263726192692	0.04094488596761188	0.05971257661060142	0.08496221167949682	0.10039581379260804	0.11427145374185918	0.13321477133103937
-0.007917169433105586	0.05639000471916546	0.05798105971323263	0.058643810074927874	0.056231324834265024	0.04938781030470932	0.041384981179843586	0.03060472877685152	0.019783125414988965	0.007741656753187167	-0.0032175345599243263	0.006598184912650034	0.016290723333111313	0.023469933816655884	0.03313949282397329	0.03902624811074871	0.04431265814629901	0.051538477679578885
0.3077915527536021	-0.30375335140843296	-0.3325031509658172	-0.354092909433215	-0.350674842207832	-0.3128866465152703	-0.26637204086726224	-0.19904107638113758	-0.12897602653167312	-0.04981680475842729	0.2691261958533165	0.182484259068311	0.09485594090586877	0.02925307026928072	-0.054912192906981176	-0.1153268953596602	-0.17195438850688186	-0.2459667068709377
0.26897440193387323	-0.20576272026552025	-0.229840512474602	-0.24857551296383323	-0.24844454253196238	-0.22263591265238938	-0.1903499878544446	-0.14262751566804685	-0.09248016601498155	-0.035596911623108754	0.23973747980106133	0.1733440938125017	0.10590620714396272	0.055324158820206165	-0.00900620506051071	-0.05647837560981909	-0.1012588738963115	-0.15939831397663487
0.22810258013029427	-0.10666188329558032	-0.12589183177598828	-0.14162997995742732	-0.1447650177786393	-0.13107730988565006	-0.11320201823413792	-0.08536660481514903	-0.05543432059233174	-0.02116648494709487	0.20848222382346174	0.1627724660299947	0.11596947871685953	0.08074245948043848	0.03666709657134899	0.0024589219693737004	-0.03016889980566372	-0.07204191200846134
0.19697463754495487	-0.032471884784150126	-0.048032247521300524	-0.06149083718980818	-0.06705176700236093	-0.0624400100914393	-0.055359779687747836	-0.042430956308717606	-0.027655838286650913	-0.010347192450174375	0.18458023062796264	0.15442238743165423	0.12313813289029206	0.09946020452236715	0.07061249545183927	0.046391544480158704	0.02291787156724883	-0.006707439734165892
0.1601898798170055	0.06272074435029748	0.05162866141694824	0.040880517569558135	0.032092974014064524	0.025070448945342123	0.018340151263735355	0.012252654632913368	0.007719825717632442	0.0034383880301528612	0.15690816593450893	0.14630302081275504	0.13450925468721542	0.12532939429653692	0.11563843044871253	0.10389041832221743	0.09182735735433249	0.07749940898825204
0.12654876803719517	0.1310268840371256	0.12369251383300621	0.1153817187446232	0.1045406231790625	0.08914457063883192	0.07241134728383813	0.05242545574997606	0.03371634225449415	0.013552102568105136	0.13017076551663065	0.13451862035886405	0.13767830459903427	0.13963761223729054	0.14456936231053788	0.14255584858508724	0.13944988354807547	0.1370575976572214
0.09342851232820945	0.19504583175569054	0.1913543800577056	0.18543605591702586	0.17272775176879	0.1494781844849065	0.12334942926026735	0.09028190697547352	0.05821564903186677	0.02307971935628763	0.10360100132109812	0.12216591578473786	0.13955297965090274	0.15211387179108352	0.17094299114685088	0.178225196795763	0.18368302223436905	0.19268776610699395
0.052312714756185874	0.27872604662341827	0.27963068705936645	0.2766916998489852	0.2614641302376135	0.22795669377508296	0.1895748416844372	0.13948412134005314	0.09005514925600998	0.0354668160848846	0.07093788498099816	0.10780899214539594	0.14350219612565673	0.1696995512858297	0.20643085663704244	0.22562804844956091	0.2420486856097671	0.26566267035065433
