21.420738085947935	-19.978389417852192
-8.392669302184343	8.289639789237686
-10.121444595261615	9.909167207875491
-11.529933730768477	11.222561059024263
-11.842886359399573	11.491182492731884
-10.74118196326428	10.407563880395696
-9.319682086080242	9.017608010154735
-7.044950954517036	6.810686582147349
-4.577596001903254	4.424487389688585
-1.705329687886765	1.6506686303470304
19.697044211227738	-18.33541578558486
15.605355418200057	-14.446041436562773
11.383893351676248	-10.436616851196277
8.248471496433186	-7.4598655163522345
4.354103548480877	-3.7562152679266716
1.2831303156212914	-0.8507449652341352
-1.6260859609249585	1.8984934141341525
-5.3211242911880055	5.394204974052685
