1.6916148008608962	1.2683444105695356	-0.9666056279070057	-0.9127983117946114	-0.7581237469970309	0.6347023150619799	0.6907720057578693	-0.45943756096139005	-1.0242930114310953	0.278754361184326	-0.617488178330815	-0.7597759663759445	-0.4863368020633445	0.28435301197606505	-0.9405960328812639	1.9140130922193608	-1.9724974690306114	0.9116658909910447
-6.789555535758595	-3.30624086628113	0.08457827595392703	2.6134320444254953	1.5483058928636313	-2.436029806736881	-4.35148558720961	-1.2626993034443352	0.5434702210284285	-2.87685519986985	5.307021135207987	5.665761847302935	-6.052651788762028	-1.2003261309300974	4.734937689155447	-1.6116562886156107	5.444911055999124	-1.345982866808584
-9.268956573417189	-3.4971751310620207	0.15128382593603032	3.323544744201232	2.256959071433154	-2.171218444551978	-4.412260090838479	-1.0009417351584713	0.8720191774907561	-3.161792319399407	6.393976585709838	8.667290287738354	-7.488046934448198	-2.314491619890802	4.7943620640964095	-1.7101692233429866	6.369570180831002	-1.2077537278459984
-6.237987360360062	-1.0727976946416977	0.1014150464413567	1.4519613701988392	1.125278621538312	-0.6991169136436091	-1.515811392493225	-0.046947988401506165	0.6621305894980921	-1.1755245376138286	3.41815428121508	6.948910836376877	-4.259085194407687	-2.6097876018577573	1.5505198968649694	0.07604233671614846	4.052747086342155	0.5596985472873861
-1.6858352383717552	1.3518453598462925	0.22794987727103108	0.11623225080983621	0.410048319058824	1.1165066707190932	1.353781081944786	0.7685708061748209	0.2619612566260522	0.5875483811000216	0.07290960818557257	2.9692233582444967	-0.661865548768473	-1.547676517088904	-1.1295735542139917	1.4736167414577204	0.6288866027327529	1.6594173202185485
1.8257996293342758	2.7862308304527494	0.5183202320924798	-0.7013256110472146	-0.015466488919602462	2.2348491868543046	3.2180989055259377	1.3758044529174411	0.12432484263095608	1.788887037745701	-2.3274222896993213	-0.4739649723187119	2.2234040132137736	-0.551640555184703	-2.785434332404279	1.974308338460989	-1.6618334861862203	2.102003866468072
4.992063404421244	3.7818702812017455	0.5769352831630173	-1.1371523738520206	-0.25802746216954536	3.09959811970072	4.365569905147774	1.5444163351820985	-0.2481794851923919	2.4274968465170583	-4.106338889348234	-3.87561683137365	4.150880111158821	0.8429774286488003	-3.6282721186466897	2.3362770901555243	-3.9581568202250046	2.10846977745249
6.1017435294237705	4.298152168579334	0.2979819364691541	-1.6886668289842817	-0.6885910050449993	3.3590509334635072	4.838930140070525	1.478355889322039	-0.5832189470780536	2.746654681582239	-4.900579501446112	-4.7960010107121045	4.860941492048502	1.2278352068412497	-4.221207157031026	2.8578680399145884	-5.017646974632159	2.3360671430138984
5.164740539096425	3.4829367903230946	0.08357735178511239	-1.4872675536558697	-0.6873172699319563	2.681531626678286	3.855434408641497	1.0605726860581628	-0.6236068551861278	2.188000532490352	-4.0598250801241536	-4.120098881447145	3.9603678555250914	1.1833326920183598	-3.4141875832969677	2.397324908297035	-4.356506563866516	1.8301128075572997
3.3491154017827385	1.7415217563269867	0.2422681746093906	-0.5267799578860375	-0.15119175752597838	1.4967733232605904	2.0149503556841535	0.5876137396599422	-0.27953424225065565	1.0960810378507433	-2.2744168162624336	-3.165754538867886	2.3720604652126673	1.106420390729983	-1.561853292969582	0.9025213286796552	-2.5590641334242927	0.6272403587648065
13.596251223455175	6.62369597864212	-2.237497977951483	-4.794618637132306	-3.6581005163622584	3.4744616712391463	5.356117963152577	-0.4304186550864374	-3.4161132497447273	3.258167485115734	-6.3336491325421225	-10.867889332897795	3.894660849419762	2.6910545143112574	-5.770400378567075	7.0316255026073655	-9.7093037977046	3.9399556659352952
8.020631501526596	2.5369735228028985	-1.457226604485647	-1.0247596511537826	-0.8402474385375955	1.6053996067785679	1.35951282117541	-0.8199924188205866	-1.9127825830985716	0.36199941693167037	0.9887211376893407	-5.1628454465355	-3.435463937910765	0.018617321433426186	-1.6901819755518783	3.306781329834082	-4.153293541517064	1.4429440526427806
-14.344199590285207	-7.200445336255615	1.1028746843967798	5.878942829558372	4.625830553670158	-3.0612512687984172	-6.148586797304681	-0.02421141540147921	3.0667756328652542	-4.418896790785802	11.242148255825796	15.356311985095864	-9.846777875551883	-5.176255760577725	5.754670987669141	-6.766269476068942	9.76607982289162	-4.178305149758915
-5.247533421676635	-2.0447253100164704	0.5281964856606863	0.3218351465995453	0.5793578931148026	-0.7988344689365714	-0.30685321287976736	1.1570752895212466	1.75676544011301	0.1349457173581939	1.7676081435472402	7.311230898829411	1.2907854691131935	-2.519184516497411	-0.729996279248666	-2.8464293379203927	2.8164540548624113	-1.0455273512983851
6.556310266372068	3.3940604805080468	-0.5539665027747704	-3.9251609988310543	-2.708936188430931	1.8950736318721002	4.453418870099768	1.0694953379916035	-0.79719624918999	3.34072608298592	-6.3995274856552635	-4.474036489541625	8.808164035846932	2.002164327592294	-5.127100263214879	2.106023958151323	-5.7307086232484235	1.6357332040572086
10.626929864049586	3.882877633804401	-0.6333201781327256	-3.954611370461122	-3.0637226601085534	1.7853747737116377	3.97016299728176	0.17402609720021847	-1.728266489212386	3.003657019427467	-7.29457198496172	-10.259594564624017	8.770013919353008	4.395366639877226	-3.854398827383184	2.8746671957143297	-7.212735898679484	1.4439368439652633
8.167827045090029	3.0651682226844246	-1.196578084310595	-2.5483169178693568	-2.210160114283698	1.3292798249897975	2.0946367228987777	-0.8765832398360413	-2.254176614042308	1.3606231404387712	-4.73185487626828	-8.24705329955034	4.381059331307013	4.277017968617394	-1.6116258495019595	3.298394948408101	-6.110341835745595	1.1214042555857169
1.012631431629702	-0.5468093899596141	-0.5305552872951221	0.1309804630715824	-0.3863383615400572	-1.0013105672683817	-1.7131585591561636	-1.3478685984290424	-0.9024328730633112	-1.040283984264698	0.5115841280181556	-2.1106765415799527	-0.9913958426796192	1.9374041699269098	2.213170979708171	0.5238203505709778	-0.0618507154285139	-0.4741533471794672
