4.374995648378239	-0.5959067331637194	-0.04382469262762654	0.46490416632926945	-0.06594067134004017	-0.19783525420760475	-0.41555457878313984	-0.5556389234444474	0.3245277487541019	-0.6435456951820188	-1.4803364401377972	-4.673484820192054	0.4648677673337179	1.392352297135583	1.2092645941808124	-1.510449652806445	-0.006460289758149592	0.2720081698210945
-5.781166249558947	0.542969910878171	0.13409763809253591	-1.544561646727421	-0.6003248847133208	-1.5003473823008828	-1.5361947641097138	-0.029493673026391685	-2.7356317264307424	1.32767431364568	4.293347375782203	7.225760857871362	-5.376967663478282	-3.364056280481591	-0.22648854798778117	7.162695405829859	-0.3058152926069794	-0.12812129406309655
-6.768580989539317	1.2479090744199568	0.42279058640262995	-1.322891966043975	-0.24344274093853863	-0.8609672289655865	-0.7544977805043424	0.4650438209549452	-2.3093563003341293	1.5353137163406747	4.771068572406978	8.267393431123605	-5.29543627098644	-3.9601746581152253	-1.0888968493746884	6.9386483098805	0.17091807542062987	0.06338537516983551
-5.96967840219789	1.7629537024337238	0.792871720992792	-0.640786061685328	0.32044952543746397	0.007115444644588511	0.15734563359770176	0.8269126202896433	-1.521016387119822	1.4139169981394468	4.066375303120794	7.0247285999885625	-4.050566745480242	-3.247081121066109	-1.423159071250944	5.268304252277923	0.29060640349168004	0.09245948683905914
-2.3364562264504753	1.520833307498393	0.9559502184347726	0.525047860435939	0.8679536569368206	0.9722958183540621	1.059029421913307	0.8932112781002771	0.08170461931728855	0.6251834580177328	1.4291321410729152	2.5507784102944147	-1.0267670127648163	-1.2002903576706918	-0.9399809042470624	1.3956754207272235	0.6797722059368759	0.4900445806953103
1.3042013171976514	1.352838415726351	1.21392803735726	1.6479334864357964	1.4351340317470038	1.7835823772158208	1.7415405183995263	0.8531912990079998	1.2780606407607322	-0.07109281685505969	-1.0178231371632787	-2.0444419353991634	1.564691992575309	1.0988841466439374	-0.2332888174365227	-1.9856892625610907	0.560361669114123	0.5602141737963473
3.7506161464393535	1.0458128304758774	1.2380071274165305	2.2394564129322485	1.6491171178354325	2.130815014939607	2.0030618332584216	0.7188682380455937	1.989973148461822	-0.5662261573149057	-2.6312971839378876	-5.043053516272104	3.201648039074344	2.548306176596145	0.3063479195537525	-4.12627029265473	0.4753322161877267	0.5982499831575879
4.526679112339354	0.5466996522795976	0.9324704686664608	2.1270657770383523	1.3865132248403207	1.8948156959438034	1.7566811327636502	0.49317223083936984	2.1501767346723835	-0.8063715770227156	-3.1546358861996717	-5.801421517785344	3.636332981711297	2.7516275105658226	0.5548765689715205	-4.678610493483715	0.5938396048535612	0.6998912255176031
3.5820984186686755	0.5527580767958097	0.8319248962035816	1.6419657440686362	1.1351011522385448	1.3878144893820699	1.2252203711975056	0.29265180741333296	1.2998746163257429	-0.5367078492041029	-2.31764085861222	-4.768571243788327	2.5472585081216854	2.543146705559567	0.5917580781245131	-3.36459173307509	-0.17616307604338236	0.08901325776360519
2.9393480068253384	-0.1262250347501762	0.23705063787053066	1.0243880269202412	0.5157409585188459	0.8113621136203295	0.734293128384382	0.09015600944882943	1.27720579717976	-0.6156556885010128	-2.0786136792121006	-3.5799745966788596	2.2757421802443583	1.5692053803294304	0.47890081067798285	-2.8936052294958587	0.4469484830137025	0.4787985226047377
12.464096329389232	-1.007861735227526	0.13407847504527493	1.755189378473566	0.27690585672621504	0.35305956903459795	-0.0968994252570773	-1.0569612371178398	1.7534836822354867	-1.7892778658665118	-4.171050899417898	-13.263390731149528	2.3238489651189376	4.004601398639354	2.5327810771947954	-5.707707530875464	0.33935704606318234	0.803488285571363
6.381938102765413	1.2002020499975325	0.2897429368102195	-0.019315703923147357	-0.07938586773489256	0.012979059842741501	0.06160749031231755	-0.3575246753007931	-0.2731683267854852	-0.0005762778660084758	2.154073826622511	-5.059252646067707	-2.7841323760916885	0.03932497664261904	-0.4918295356160726	-0.5224576215846567	-0.3511861168696181	-0.5743787353389452
-9.359088570660969	3.3905319472820494	0.15607035542832584	-2.596948304499549	-0.4463345766513679	-0.18540474373854401	0.6613436785473643	1.2142358689939035	-2.659991033748735	2.654151695934315	9.332557732695252	12.602877962288602	-6.632970394082642	-5.619642786315741	-4.923933010213397	6.8245542287651295	-1.1350507455354424	-2.307907861895392
-7.72791326994973	1.4160735360469991	-0.5443507580784632	-1.599145312130014	-0.37675440472492255	0.48259982552259656	1.2883770497971954	1.162638214454581	-0.17940683888904177	1.3144803427688212	4.47181689651844	9.959399148240157	-0.45187566186389916	-3.254075056201367	-3.821385803558256	1.682952638694682	0.15164659903058603	-1.1069867957823405
-0.1256371557710718	-0.5973875334635343	-0.6521979097350068	0.1098733340617814	-0.0821780882591149	0.6697376350774158	0.9423746111359965	0.2530056515838131	1.5299819680098765	-0.46494405986615234	-1.3409491370938011	0.5830012707469866	4.117938278883913	1.1392389860200869	-0.6504804411231817	-3.466037259718302	0.33638838716417896	-0.151049204330361
8.277585393639505	-2.734534794466453	-0.8014837201920862	1.5430521950804288	-0.07049434889369033	0.31676885123325865	-0.024286754234207578	-0.9286798102043957	2.7224842154035667	-2.1985186616887744	-6.509547097792115	-9.249268028418458	7.002572490020207	4.831453764841116	2.8589493536751007	-7.32670288403688	0.7433294732505693	1.0973912382184818
5.122891090754948	-1.5212907082999136	-0.0267301263224288	0.7505104579640871	-0.02851210152690229	-0.7144956862842039	-1.2855966105100733	-1.1032441450743768	-0.2450279703962639	-0.958887091100585	-3.067234342253782	-5.991702006001343	1.7732390981290107	3.5877556303219236	3.1203061450585166	-1.4698272469870366	-1.2426546203998514	-0.18327787239769358
-0.9677475462208427	-0.404376057627021	0.05847270287481374	-0.6418198662310924	-0.43073521315359864	-1.3590927688265197	-1.6694704888441625	-0.6144523622888485	-1.9167212234176825	0.3624118931242284	1.2273284814308427	1.4119207317217763	-2.665630833028786	-0.34070228918895784	1.410398653978828	3.829701662752434	-0.8797692601439457	-0.2302269881835037
