0	0.0
1	0.0014037068
2	0.0016204604
3	0.0025612419
4	0.0035417615
5	0.00374144
6	0.004317991
7	0.0052605956
8	0.0064130933
9	0.0073305117
10	0.0073412056
11	0.009468344
12	0.009720831
13	0.010792123
14	0.013246398
15	0.013271721
16	0.0137139475
17	0.01602618
18	0.016906507
19	0.019574288
20	0.022330724
21	0.023706522
22	0.024782531
23	0.025537666
24	0.02664504
25	0.027262185
26	0.03295532
27	0.034159124
28	0.037984863
29	0.038359884
30	0.03841521
31	0.042148117
32	0.04224144
33	0.042352982
34	0.04288337
35	0.04641777
36	0.046860065
37	0.048900314
38	0.04922386
39	0.04951475
40	0.04953283
41	0.05208581
42	0.05474331
43	0.054897353
44	0.054918718
45	0.055997
46	0.05617457
47	0.056825355
48	0.05748445
49	0.0578444
50	0.058668163
51	0.0591564
52	0.059513427
53	0.060058694
54	0.060139008
55	0.060170937
56	0.060385488
57	0.060398664
58	0.060460117
59	0.060488507
60	0.060579468
61	0.060760405
62	0.060800213
63	0.061026078
64	0.061541215
65	0.061859876
66	0.06250337
67	0.06259445
68	0.06286453
69	0.06287109
70	0.0629463
71	0.063100636
72	0.063234985
73	0.06354042
74	0.06362615
75	0.06366477
76	0.06368752
77	0.0637035
78	0.06485242
79	0.06508221
80	0.06517697
81	0.065216295
82	0.06523558
83	0.06539863
84	0.065423995
85	0.06549127
86	0.06572263
87	0.066787526
88	0.06700634
89	0.06711362
90	0.067206256
91	0.06723206
92	0.06729871
93	0.067806885
94	0.06825913
95	0.069976725
96	0.07101001
97	0.07378291
98	0.07534184
99	0.07604514
100	0.07728152
101	0.07818649
102	0.079155214
103	0.08102879
104	0.08392558
105	0.10196535
106	0.10311025
107	0.10495955
108	0.11795688
109	0.120102346
110	0.12467652
111	0.1349424
112	0.14111115
113	0.14376324
114	0.1442626
115	0.15056925
116	0.15099658
117	0.15306573
118	0.1561642
119	0.15709113
120	0.15823738
121	0.15878378
122	0.16007361
123	0.16056162
124	0.1607259
125	0.16330586
126	0.16365007
127	0.1642778
128	0.16446012
129	0.16584323
130	0.16603588
131	0.16622625
132	0.16635051
133	0.16638167
134	0.16669375
135	0.16692731
136	0.16740519
137	0.16775143
138	0.16856657
139	0.16946442
140	0.16959417
141	0.17037062
142	0.1704516
143	0.17094488
144	0.1709515
145	0.17098138
146	0.17127395
147	0.17185937
148	0.17198715
149	0.17204669
150	0.17262095
151	0.17265393
152	0.17291415
153	0.17314059
154	0.17316346
155	0.17351347
156	0.1737269
157	0.1737826
158	0.1738318
159	0.17476216
160	0.1748028
161	0.17550606
162	0.17560552
163	0.17570439
164	0.17570464
165	0.17574814
166	0.17577848
167	0.17605618
168	0.17614232
169	0.17629157
170	0.17630278
171	0.176407
172	0.17677227
173	0.17688985
174	0.17689198
175	0.17691384
176	0.1771527
177	0.17728722
178	0.17778097
179	0.1778518
180	0.17787084
181	0.1778826
182	0.17802307
183	0.17837512
184	0.17841242
185	0.17851737
186	0.17911057
187	0.17953913
188	0.18000741
189	0.18078013
190	0.1814852
191	0.1818774
192	0.18420753
193	0.18818879
194	0.19184758
195	0.19191141
196	0.19302262
197	0.19606833
198	0.19795893
199	0.20216483
200	0.20228791
201	0.21131682
202	0.21538527
203	0.22230284
204	0.23475347
205	0.23521952
206	0.25989556
207	0.26348495
208	0.2651104
209	0.26963484
210	0.26976812
211	0.26994666
212	0.27399334
213	0.27408177
214	0.2745618
215	0.27612415
216	0.28163826
217	0.28529453
218	0.2895035
219	0.29108644
220	0.2924183
221	0.31168243
222	0.31349722
223	0.31432664
224	0.31501
225	0.3157323
226	0.3162227
227	0.31646836
228	0.31671065
229	0.31701544
230	0.31772915
231	0.31788078
232	0.3179468
233	0.31797755
234	0.31816503
235	0.3182593
236	0.31826562
237	0.31865254
238	0.31880757
239	0.31891072
240	0.3189329
241	0.31909013
242	0.31923366
243	0.3192667
244	0.31926906
245	0.31926993
246	0.31933042
247	0.31939393
248	0.31965646
249	0.32003
250	0.32004747
251	0.32018983
252	0.32022485
253	0.32038862
254	0.32042885
255	0.32048765
256	0.32059377
257	0.32060805
258	0.3207044
259	0.32072017
260	0.3207258
261	0.32076603
262	0.3208199
263	0.32089698
264	0.3208988
265	0.32090655
266	0.32094708
267	0.32097402
268	0.32108286
269	0.32112288
270	0.3212572
271	0.32126066
272	0.32139668
273	0.32154775
274	0.32164663
275	0.3219996
276	0.3223136
277	0.32254338
278	0.32275715
279	0.32283267
280	0.32318577
281	0.32412964
282	0.32432032
283	0.32456353
284	0.32461914
285	0.32472867
286	0.32483
287	0.32584018
288	0.32603183
289	0.32609427
290	0.32639036
291	0.32696453
292	0.3272116
293	0.3279188
294	0.32812816
295	0.32861727
296	0.32897833
297	0.33000037
298	0.3300388
299	0.33022854
300	0.3303973
301	0.33047023
302	0.33047563
303	0.33050412
304	0.3305342
305	0.33055857
306	0.330845
307	0.3312542
308	0.3313543
309	0.33136013
310	0.3318908
311	0.3325331
312	0.33266136
313	0.33272088
314	0.3328071
315	0.33281815
316	0.33290946
317	0.3336321
318	0.33403757
319	0.3344293
320	0.33476758
321	0.3349631
322	0.33672488
323	0.3391657
324	0.33963278
325	0.33969876
326	0.340585
327	0.34061965
328	0.34066483
329	0.34082073
330	0.3410244
331	0.34160993
332	0.34188586
333	0.34203485
334	0.34205607
335	0.34217465
336	0.34272295
337	0.3427669
338	0.34296924
339	0.3437295
340	0.34470847
341	0.3450974
342	0.34831315
343	0.34945258
344	0.3498955
345	0.35015577
346	0.35211924
347	0.35214704
348	0.35233098
349	0.3529994
350	0.35304344
351	0.35339966
352	0.35344714
353	0.35353765
354	0.35382053
355	0.3540714
356	0.3543513
357	0.3545673
358	0.3546988
359	0.35575923
360	0.35602438
361	0.35610822
362	0.35615808
363	0.356241
364	0.35637507
365	0.35644644
366	0.35653457
367	0.35676184
368	0.357004
369	0.35703635
370	0.3571191
371	0.35712948
372	0.35729873
373	0.3586101
374	0.3601394
375	0.3602877
376	0.3620357
377	0.36222747
378	0.3640722
379	0.3665429
380	0.36669564
381	0.3674862
382	0.36868578
383	0.36926445
384	0.36985746
385	0.36988577
386	0.37081656
387	0.37223512
388	0.37289667
389	0.37294918
390	0.37305892
391	0.37322417
392	0.3739147
393	0.37457106
394	0.37475562
395	0.37476477
396	0.37498537
397	0.37508437
398	0.37542674
399	0.37552926
400	0.37560552
401	0.37641782
402	0.37656605
403	0.37798
404	0.37830982
405	0.37864015
406	0.3791273
407	0.37918192
408	0.37942818
409	0.379634
410	0.37979212
411	0.37984648
412	0.38082597
413	0.38109612
414	0.38170797
415	0.38187745
416	0.38192257
417	0.38194722
418	0.38247925
419	0.3825834
420	0.38259315
421	0.38262388
422	0.38275644
423	0.38289452
424	0.38290977
425	0.38304183
426	0.38314837
427	0.38357747
428	0.38361475
429	0.38378572
430	0.38385767
431	0.38389173
432	0.3840167
433	0.38403213
434	0.38431883
435	0.38432774
436	0.38433948
437	0.38438705
438	0.3844239
439	0.38461557
440	0.38464
441	0.38485742
442	0.384945
443	0.3850655
444	0.38506836
445	0.38527474
446	0.3853336
447	0.38569048
448	0.3858989
449	0.38590556
450	0.38601416
451	0.3860501
452	0.38660982
453	0.38677725
454	0.38686424
455	0.38697332
456	0.38699216
457	0.38729542
458	0.38761437
459	0.38797757
460	0.38802305
461	0.38827088
462	0.38843584
463	0.38894036
464	0.38895684
465	0.38915583
466	0.38928986
467	0.38971397
468	0.38988134
469	0.3899381
470	0.39050788
471	0.39061567
472	0.3910185
473	0.39102
474	0.3913583
475	0.39136267
476	0.39144638
477	0.3916494
478	0.39169428
479	0.39179516
480	0.3917994
481	0.39184403
482	0.39211524
483	0.39212182
484	0.39213592
485	0.39221796
486	0.39274266
487	0.39278513
488	0.39295608
489	0.39319405
490	0.39347696
491	0.39360073
492	0.3938013
493	0.39391786
494	0.39396837
495	0.39406732
496	0.39414084
497	0.3941591
498	0.39437145
499	0.39441475
500	0.3945216
501	0.3945466
502	0.39455777
503	0.39469174
504	0.39476424
505	0.3948434
506	0.3950167
507	0.39523464
508	0.39527223
509	0.39533803
510	0.3953583
511	0.3953864
512	0.39547867
513	0.39571127
514	0.3957866
515	0.39583442
516	0.39608297
517	0.3962031
518	0.39628434
519	0.3964723
520	0.39656267
521	0.39662305
522	0.39666718
523	0.39679307
524	0.3968572
525	0.39709842
526	0.39720586
527	0.39724597
528	0.39732492
529	0.39746723
530	0.3975032
531	0.39792317
532	0.39795706
533	0.3984526
534	0.39855877
535	0.39863658
536	0.39863715
537	0.39873412
538	0.3989045
539	0.39895087
540	0.39902845
541	0.39904284
542	0.39927447
543	0.39935827
544	0.39946988
545	0.39957014
546	0.39966905
547	0.3999002
548	0.4004464
549	0.40047956
550	0.40052038
551	0.40081775
552	0.40112662
553	0.4011944
554	0.40127885
555	0.40141365
556	0.4018804
557	0.4021182
558	0.40214503
559	0.40215456
560	0.40243843
561	0.40264153
562	0.40280095
563	0.4029309
564	0.40325326
565	0.40326324
566	0.40326956
567	0.40328148
568	0.40357012
569	0.40366644
570	0.40415257
571	0.40415695
572	0.40421557
573	0.40436646
574	0.40446937
575	0.40449572
576	0.4049669
577	0.40497574
578	0.4050064
579	0.40535584
580	0.4053919
581	0.4055864
582	0.40581906
583	0.4061912
584	0.4065618
585	0.40712976
586	0.40807453
587	0.4087128
588	0.41034067
589	0.41124552
590	0.41179073
591	0.41228196
592	0.4142482
593	0.41543308
594	0.41562834
595	0.4160254
596	0.4186008
597	0.4186173
