0.0015672125553311705	-0.11514986395677285	-0.14023560539736316	-0.16107700319506424	-0.1672285568777454	-0.15337550294433766	-0.13377083610528895	-0.1021960225270114	-0.06765217640409453	-0.02733447997473047	0.0036853587565726094	0.035615824838872746	0.051118724367179666	0.049056170471183345	0.02509748362570504	0.0003710021327318814	-0.03025528857775895	-0.07447697531380357
-1.2373425127352686	-0.24860595855490256	-0.4566129566847065	-0.6051387824704706	-0.6403650901073752	-0.5767486060585107	-0.47990766241060495	-0.35458347293272036	-0.22694239715751152	-0.09014121774465376	-0.8812890180887196	0.2613150504709232	1.0285029545652604	1.234307760051504	1.1222032484051296	0.8690116984752649	0.5542665834066187	0.12103594457549924
-0.950544023605723	0.10083624347743705	0.0006719464440911997	-0.06306655150474359	-0.0746580881708366	-0.0596754835571047	-0.03338503833731944	-0.015656626461345777	-0.003952873466718426	-6.4149640276959e-5	-0.6755522019404896	0.1403957805479142	0.701656977766463	0.8652418152904334	0.833875999563944	0.6937179566425284	0.5210833012897087	0.28979392163379564
-0.4821247195604343	0.5015499265395672	0.5337934969391113	0.5714243084327933	0.5853078537543676	0.5408674055790876	0.4815900341308503	0.3732293505737269	0.2507689355347815	0.10249374650102241	-0.33477413273045914	0.006143847553897026	0.26210726794247746	0.3576086942906703	0.4227475831539372	0.4285847752327343	0.4382486787565823	0.46408497067234084
0.07765934533151271	0.8426747722176924	0.9999550081258773	1.1305899385892475	1.16530539186102	1.0659981185886904	0.9280887330372768	0.7083025976106175	0.4690127575418945	0.1900098580655591	0.07493746371567096	-0.11000923681395987	-0.1973797685850231	-0.18354476381013418	-0.03087415634040409	0.11986663794925391	0.3093908857392449	0.5869633902817815
0.4512006086564554	0.9706573862618801	1.1912888376278836	1.3670280291866481	1.4104900086607166	1.286135076038492	1.1121315728747623	0.844693914059489	0.5567801201781903	0.22491698555043504	0.34766632080814286	-0.16776247387889642	-0.4750885852238288	-0.5177474310502063	-0.32526109171236495	-0.09617474774704783	0.1900438948720278	0.6013445536113582
0.7517207778030965	1.0270494243063215	1.2892644211272304	1.4933671944188138	1.541455806386988	1.402352708868417	1.2069627348320053	0.9136671252001882	0.6003446536955075	0.2420199371221547	0.5667584670361906	-0.20502824384727975	-0.6850510110550252	-0.7740940318484368	-0.5582575198219627	-0.27470529791289605	0.07841441217002289	0.5813048798754763
0.7980080821070449	0.8966145798997791	1.1402976718973055	1.3277788483358561	1.3708041315465798	1.245483088589516	1.069098046397598	0.8077585955955464	0.5297925505219392	0.21332561811755876	0.5976292953877332	-0.19289435621987988	-0.6918102230042903	-0.7921919206904845	-0.5975201735439252	-0.32878995680943013	0.005357233285481878	0.4792140668808547
0.6552840375960274	0.6549335282110951	0.8400964093912943	0.9814654105997526	1.0132550952001356	0.919742982932246	0.7880051565164721	0.5945697104907263	0.3894683019354374	0.1566896515090964	0.48929071149681014	-0.14681086349823483	-0.5513986686478954	-0.6361160561110651	-0.49087667071395297	-0.2840588883740495	-0.02717194781195254	0.3361713826320973
0.3550653694713139	0.307417891202258	0.39893627264916826	0.468114447008221	0.48323279441972794	0.4380507350145628	0.37433261156447195	0.2819108102514898	0.1843367758618977	0.07407403215132115	0.26434124973105005	-0.07246809250043829	-0.2885553834486484	-0.3357539398617443	-0.2656283404942373	-0.16172834433283442	-0.0328528638578565	0.14883885610434322
0.7252998339103225	0.12726969044123715	0.19931476367522477	0.24370260476489922	0.2429288344521774	0.20957322829245875	0.16457424660206552	0.11589683271176493	0.07121116993692497	0.02732280861740655	0.5471485888958598	0.0007253117991186042	-0.3696992482845198	-0.47020262956146663	-0.4273222855838074	-0.3200240854164848	-0.19036222211369438	-0.014133711095812
1.9902884393021754	0.27897482930171696	0.4451000610482541	0.5391123810742052	0.5240101051525169	0.44025449911398457	0.33077862590947044	0.2237447968394143	0.13205098346197439	0.04874167861400895	1.5079427239965744	0.057896962717434615	-0.928425328199248	-1.1969387718373403	-1.0957689045757744	-0.8236211858718419	-0.49929307369119913	-0.06242056676524309
2.5225387597710083	0.26442221988893505	0.441646316807661	0.5321802246331766	0.5010972773825952	0.4055482624626389	0.28408538836410885	0.17899256615870987	0.09753894992766042	0.03317571194325491	1.9193395152884747	0.13632145003410348	-1.081553945993088	-1.4165354965202768	-1.3101366224890938	-0.992609276425309	-0.6179306646937142	-0.11722097185319978
2.03300915974501	-0.006019466757729515	0.06324402949795407	0.07347221141282248	0.023577002460639568	-0.02716468154138397	-0.08372539902864896	-0.09700318372254571	-0.08213852236215123	-0.03889286296635659	1.5636004872959832	0.24471294796483112	-0.6689050809622685	-0.9299366819935896	-0.8962772151367291	-0.7033177841081948	-0.4836415082239082	-0.19961333136984927
1.0945726858467033	-0.30101745740502645	-0.37295452727230327	-0.46066335853692764	-0.5254545339563708	-0.5167631791058848	-0.4893313985304673	-0.3954390134217153	-0.27303959783416754	-0.11443470956529574	0.8705561645676364	0.3445562600040141	-0.03970480233109318	-0.16394426923393632	-0.22034626648797323	-0.20937254108288117	-0.21289894647719723	-0.2365288947095154
0.14670513829515486	-0.5447891368197023	-0.7395089641467317	-0.909193283816929	-0.9821160314381524	-0.9199266315865391	-0.8181690426420509	-0.6344040476072866	-0.4242027514760308	-0.17370868496759861	0.1654336836682707	0.40708178508069615	0.5380823497976963	0.5490440273007838	0.41514784532544896	0.2590923899520569	0.05216652068055803	-0.2502280927187054
-0.5119348637408466	-0.600357139827178	-0.8509759364974182	-1.0526499256534356	-1.1223635873720765	-1.0363961804864403	-0.9028717219409588	-0.6899547790821654	-0.4557736128720032	-0.18498964599382173	-0.32778860969953666	0.40778990078198835	0.8758338709559699	0.9800889731259431	0.8160612324135419	0.5698918403152986	0.2551128924591717	-0.19211414745715277
-1.1436731098033461	-0.5400762506542199	-0.8162568923261401	-1.0248210418304007	-1.0832131383785786	-0.9877687103148405	-0.8433761007716811	-0.6351623210446589	-0.4142248336054882	-0.16658427787522326	-0.8033061700353726	0.36988052554990675	1.1423732256417687	1.336049471321804	1.1662878613749164	0.8585742903915783	0.47238260973158824	-0.066953834204543
