1.0209917629932925	-1.7405585520502838	0.868142017301167	-1.402516239139522	-1.303200461948709	-1.4620127386372377	0.10965583982542203	-0.08523458426425737	-0.6801586956799209	-0.9339371459766439
-0.6841073099399306	1.9288675299065103	-0.7669051644030616	1.1715725510022512	1.1883776169116478	1.3638846983909685	-0.3164339512181108	-0.10716011060852669	0.5299939600166532	0.9685952436703336
0.4844375086565418	-3.835502731840835	1.4381178475946574	-0.7921217422979173	-1.497726044425198	-1.8595729517648767	1.3438642990206475	0.932568025738752	-0.18110629922687727	-1.6228956941278954
1.5593028172196386	-3.2117497869600085	1.9664816971285288	-1.003577272043747	-1.642605380594647	-1.962513776017771	0.9079262351105915	0.5341369635947307	-0.32998318512582897	-1.3582442134690753
2.20273685094991	0.3865333470160829	0.9262050000756094	-1.65739110660558	-1.0792820029423298	-1.0532562978272875	-1.0235774426297177	-1.023584548112615	-0.9581644389208169	-0.09672914693240564
2.381873770613603	0.81791026716573	0.8634176092000934	-1.779605502491367	-1.0519220836209926	-0.985596118326422	-1.2803925080375202	-1.2379413698575619	-1.057622777750323	0.050982205095455244
0.08138826452729489	-2.5433272370753808	0.9434467791555166	-0.07467491280744719	-0.7467207730551814	-0.9913555161886415	1.1011322334823748	0.8286116486348941	0.14158641862212468	-0.9821150963000426
0.3216552025217636	-2.063828798352464	0.8930002810098692	-0.2428979954356196	-0.7390902249183019	-0.9391102999098241	0.799176622332368	0.5730978791170741	0.012856971031088772	-0.8228107366871419
-1.9316322971177786	-3.4363186368434877	0.5370015472887723	2.080604784157058	0.3762456402408485	0.042896890170768066	2.553870051203686	2.214841705675325	1.4272199843613156	-0.9462463853297954
-1.872624953554518	-1.1562411113129356	-0.23626265305153443	2.07108801652736	0.9848865242834636	0.8697312744438276	1.525547542755198	1.4280575817879737	1.2576650581434357	-0.07502981489593764
