TE	0	1	2	3	4	5	6	7	8	9	10	11	12	13	14	15	16	17
0	0	0.008167869988282636	0.006937849984069219	0.0048394830046869855	0.012495042142323672	0.04152042171252898	0.05207034126902575	0.053185943627069444	0.05792155566663224	0.030342162521913855	0.29257607863559504	0.11403446632737733	0.03612880017346897	0.01792026546767639	0.02149241522683521	0.01631040124166845	0.008568801106986731	0.01684477099810331
1	0.17712232425746813	0	0.013432017471787783	0.004811005499354188	0.0025168884016322497	0.01723757654925836	0.020752296810044982	0.019486375239690844	0.019814947266292866	0.01600427196049641	0.17732581155619795	0.05065033149569885	0.014478938145839289	0.017149809088027494	0.02020959051148424	0.005126681000300532	0.009379310042091717	0.02148438461915162
2	0.20138551262553728	0.007824749779474215	0	0.0152691999757153	0.005829522463771432	0.01857251251956976	0.020152411079527515	0.02375803112891848	0.02505015813530499	0.017625325762822823	0.16828944702926027	0.05804839043657503	0.021768757741362374	0.018343168614524633	0.01618458229151574	0.007483840416359442	0.015520293172723935	0.013100182056350785
3	0.15894614880954613	0.0078054362903676395	0.008504759590538017	0	0.010748943530004567	0.018381115019285577	0.017771119285625005	0.024742603848865972	0.017412070803028316	0.020636589072684827	0.1734768717480684	0.05007359845955134	0.011828027644852078	0.016870491042714243	0.025394520661967828	0.007572464916758576	0.009271089611558977	0.004589165454445606
4	0.16857672050784714	0.004269029483109094	0.010627039190543834	0.011946549791911256	0	0.02496856066060937	0.025957520858445066	0.03939316035971231	0.02437048103152855	0.0194690750213146	0.1588390021960117	0.04225166738916477	0.010086528387066114	0.01890348624755669	0.013863000194157446	0.0081059362997839	0.012175905608551389	0.0029738964066731944
5	0.17414463278053652	0.006164415277061968	0.007166832887647706	0.013624690809307755	0.023578193070996623	0	0.03315704000462895	0.036601197491360725	0.03464156467799479	0.03166367179612454	0.1685771257162341	0.04517726787299055	0.03988097188322343	0.010489198377854418	0.024102562093966478	0.0072007052550837215	0.009454897517022923	0.006748691265780618
6	0.13667391784007948	0.010734444126298686	0.0053705218814365605	0.011567475177009392	0.021814953440130517	0.022082555822923688	0	0.05935349131298598	0.039661022039162795	0.037088214429310894	0.1534751707612232	0.053413549675644226	0.02616427937787386	0.007312755558157538	0.014749485126606622	0.010883942714294399	0.009990089659735173	0.01055174771373026
7	0.14118582330417667	0.004912948688571348	0.008145951726672361	0.009124107731132196	0.017326333828578688	0.03624621273366377	0.023376099457187948	0	0.04031494835714964	0.048780181139177356	0.15382626218049492	0.06824422014356368	0.026797447596819016	0.012743643463512862	0.0164739862297176	0.004275886470636449	0.01918804719094762	-0.00013823025698487642
8	0.10408401923566647	0.0069810787182654245	0.012345345940989332	0.01181248233980629	0.010383180662341916	0.02984542564894621	0.022929040423314864	0.04386516356085311	0	0.057579032958047	0.10320415452542736	0.07011562756194441	0.030075295550812453	0.03210932913577616	0.013223900686175441	0.0147744064700489	0.010599669579245978	0.0035501322504652693
9	0.03696484352489613	0.005824922458298662	0.005018701326196887	0.011248783806419202	0.006271026857974153	0.016902997302981983	0.027661805987020727	0.026115226744186027	0.035697829753569776	0	0.05985130106517768	0.03734208038801143	0.016758742454220654	0.022426436204868574	0.011221846296498741	0.006065729594581021	0.014816970223582597	0.0025837314742080245
10	0.32172895099396437	0.00715554544357133	0.015643061487761747	0.01069309835779713	0.02138566626927022	0.02345524261239929	0.04778188820435276	0.052718048440711235	0.034377196207651055	0.019683421031440614	0	0.10184548712395662	0.022211571818558068	0.02460912255667287	0.018086508831927663	0.009869765940650572	0.020911023156940385	0.011736898094775926
11	0.2806505350727845	0.008057720216365546	0.012919266465971338	0.003646254108941021	0.008817679377068444	0.027740805600356674	0.029430829667215247	0.042285473692216684	0.035918743304111704	0.023350007164277643	0.2533097276783724	0	0.01862286764971289	0.004858180912425294	0.01004550449253143	0.014057037126469558	-0.002045224875499335	-0.0006955778392449675
12	0.24052309462765778	0.0026843050943322426	0.002885310067992989	0.004195457384269768	0.0003199017074375723	0.014953727615339451	0.018573391864289943	0.024271987723863644	0.013911047333473654	0.011960463021076347	0.19700552687049694	0.05076781073685522	0	0.01662979425152527	0.013112518240536136	0.010889951664048134	0.0009393395158260879	0.010243941930405235
13	0.2285218140512173	-0.0003060591757848775	0.0005149301072018321	0.004212138334263344	0.004467586116798746	0.020130676843458883	0.01375856677287565	0.01441523331568296	0.011698263624218741	0.014736638426133274	0.20103309094845395	0.0730558279579528	0.01813010451196225	0	0.01007009876891365	0.003972461296582615	0.005198184689178246	0.0013186505710112728
14	0.22752810550327698	0.004780605096987722	0.006509105240659068	0.0033980398414273933	0.00013946156782828926	0.02301901889617908	0.0024465516399068713	0.028545100313645044	0.01986459748980079	0.016255165591322954	0.19183074965762248	0.06865795502647354	0.024863151013544797	0.018697495628006523	0	0.011904100216713462	0.0002794372990298785	0.0007583376371649107
15	0.20036274226261022	0.002604216210470936	0.006744894029156998	0.0066805631824714785	0.004920871085710289	0.016899420845104544	0.01293554061196103	0.020657492464711335	0.012717282830436615	0.015597284048157689	0.1853156977780452	0.06982063945052938	0.025589915531882217	0.014344655358335233	0.01874079865191591	0	0.004060808114413809	0.005349142742758808
16	0.21707100225125356	0.003699945223121637	0.005430750252511588	-0.00388367936654651	0.005463066461586247	0.008762892670415141	0.01629373884599886	0.01702152315092678	0.012384780862108351	0.010731942981897244	0.17200638405248023	0.05762112757812656	0.020151208989860024	0.018539850207150113	0.013288513203738361	0.014396641090877349	0	0.004752886314850658
17	0.23297894315838394	0.005628559650340152	0.010517986246283254	0.008800176818979098	0.0052941001104284055	0.009741384285086942	0.015436526762675047	0.02758464630872279	0.02156665843294367	0.019042962231364625	0.19326455921412153	0.0609015943083658	0.02109017247025436	0.01479047933849002	0.01558184754785653	0.018688887933117765	0.01552524609188574	0