0	0.0
1	0.02821527
2	0.033345845
3	0.06949455
4	0.07321605
5	0.077608615
6	0.08007734
7	0.08121043
8	0.08244422
9	0.08253622
10	0.083478585
11	0.08437627
12	0.088869214
13	0.08994128
14	0.09186307
15	0.09774228
16	0.098340616
17	0.10151386
18	0.1042728
19	0.107014015
20	0.11349628
21	0.11541617
22	0.116006956
23	0.11610695
24	0.1161927
25	0.11674857
26	0.117233075
27	0.12067657
28	0.1212095
29	0.12213554
30	0.12248955
31	0.12305192
32	0.12420432
33	0.12459604
34	0.12634504
35	0.12643875
36	0.12690067
37	0.12702408
38	0.12844746
39	0.12914911
40	0.1294765
41	0.13165873
42	0.13170452
43	0.13330272
44	0.13424465
45	0.13505852
46	0.13512728
47	0.13740957
48	0.14056486
49	0.14109732
50	0.1416133
51	0.14215215
52	0.1457878
53	0.14761224
54	0.14871538
55	0.1498935
56	0.15137091
57	0.15382545
58	0.15424258
59	0.15597838
60	0.15628015
61	0.15642582
62	0.1581506
63	0.15823808
64	0.15857276
65	0.15882604
66	0.15933385
67	0.15979633
68	0.16004978
69	0.16024904
70	0.16045582
71	0.16061775
72	0.16104575
73	0.16129702
74	0.16153054
75	0.16205502
76	0.16207637
77	0.16219755
78	0.16282926
79	0.16301604
80	0.16310547
81	0.16342607
82	0.16382287
83	0.16408317
84	0.16409215
85	0.16413091
86	0.16433376
87	0.16511123
88	0.16524282
89	0.16526243
90	0.16574298
91	0.16663736
92	0.16678378
93	0.16703367
94	0.1670523
95	0.1676036
96	0.16776383
97	0.1679291
98	0.16799769
99	0.16813007
100	0.16824834
101	0.1686572
102	0.16871217
103	0.16927163
104	0.16935065
105	0.1696234
106	0.16967386
107	0.17017981
108	0.17020239
109	0.17039436
110	0.1704304
111	0.17075452
112	0.17174225
113	0.1719872
114	0.17204566
115	0.17272413
116	0.17325218
117	0.17339444
118	0.17514485
119	0.17581697
120	0.17709632
121	0.18762848
122	0.18896236
123	0.18933547
124	0.19276139
125	0.19291069
126	0.19361007
127	0.19751771
128	0.19917394
129	0.20126706
130	0.21744572
131	0.22084473
132	0.22642562
133	0.2286841
134	0.23170964
135	0.23313431
136	0.23350538
137	0.238884
138	0.24596062
139	0.24648027
140	0.24655469
141	0.24862981
142	0.2492465
143	0.2518115
144	0.252448
145	0.252882
146	0.2543233
147	0.25996467
148	0.26103634
149	0.26325026
150	0.26359808
151	0.26411963
152	0.2642636
153	0.26518643
154	0.2652366
155	0.266287
156	0.26742423
157	0.2682769
158	0.2682846
159	0.26828948
160	0.26850572
161	0.2686599
162	0.26877657
163	0.26949358
164	0.2699516
165	0.26998633
166	0.27078447
167	0.27209687
168	0.27236116
169	0.27303398
170	0.27309608
171	0.2732077
172	0.27332053
173	0.27370232
174	0.27430484
175	0.2745279
176	0.27499634
177	0.2750329
178	0.2755045
179	0.27705017
180	0.27720213
181	0.27819476
182	0.2784669
183	0.2785125
184	0.27911592
185	0.27912185
186	0.27913246
187	0.27923536
188	0.27932766
189	0.27945998
190	0.27955806
191	0.27973628
192	0.27976206
193	0.2799095
194	0.28052858
195	0.28081763
196	0.28095013
197	0.28113878
198	0.28137767
199	0.281426
200	0.28147444
201	0.2816184
202	0.28165737
203	0.28181195
204	0.2818581
205	0.28189114
206	0.28190684
207	0.28300786
208	0.28329363
209	0.2833802
210	0.2835644
211	0.28387362
212	0.28460342
213	0.28476828
214	0.28486878
215	0.2856923
216	0.28600693
217	0.28655666
218	0.2868352
219	0.28878313
220	0.29328835
221	0.29540387
222	0.2968437
223	0.29699895
224	0.29850873
225	0.30012298
226	0.3022327
227	0.30397308
228	0.30424684
229	0.30757424
230	0.311817
231	0.31185877
232	0.31242576
233	0.31503376
234	0.3162182
235	0.3163384
236	0.31706613
237	0.31713066
238	0.31719813
239	0.31736785
240	0.31899086
241	0.32002777
242	0.32063192
243	0.32093948
244	0.32135153
245	0.3221127
246	0.32275352
247	0.32390627
248	0.32410643
249	0.32471022
250	0.32491824
251	0.3255502
252	0.32743403
253	0.3281034
254	0.32936716
255	0.3302495
256	0.33063933
257	0.3316203
258	0.33340135
259	0.33352944
260	0.33356956
261	0.33559966
262	0.3358585
263	0.33623663
264	0.33710405
265	0.33739507
266	0.33784935
267	0.3385909
268	0.33972123
269	0.33975613
270	0.3426461
271	0.34301817
272	0.34336406
273	0.3437334
274	0.34374836
275	0.34446758
276	0.34500137
277	0.34559193
278	0.34615776
279	0.34624776
280	0.34625292
281	0.34655508
282	0.34657165
283	0.3472048
284	0.34774047
285	0.34831983
286	0.34880787
287	0.34885406
288	0.34899515
289	0.34914035
290	0.35002193
291	0.3501766
292	0.35112733
293	0.3513024
294	0.35253373
295	0.35343847
296	0.35473558
297	0.3548574
298	0.35513875
299	0.35528463
300	0.357329
301	0.35785276
302	0.35873884
303	0.3594055
304	0.35974193
305	0.3601253
306	0.36066648
307	0.3611248
308	0.36194485
309	0.3622743
310	0.36239973
311	0.362537
312	0.3634084
313	0.36364323
314	0.36559525
315	0.3664111
316	0.36652473
317	0.3665807
318	0.36682913
319	0.36687797
320	0.36715868
321	0.3673298
322	0.36775386
323	0.36828908
324	0.36853257
325	0.36857638
326	0.36864975
327	0.36910766
328	0.36920086
329	0.36972058
330	0.37002417
331	0.3701518
332	0.370393
333	0.37039968
334	0.37052462
335	0.37056646
336	0.3707212
337	0.37200156
338	0.37215036
339	0.37235245
340	0.3725068
341	0.37273854
342	0.37276843
343	0.37278184
344	0.37280282
345	0.37296242
346	0.37306175
347	0.37316117
348	0.373198
349	0.37346542
350	0.37362456
351	0.37399274
352	0.3741836
353	0.37459627
354	0.375398
355	0.37683365
356	0.37725192
357	0.377421
358	0.3779445
359	0.37809375
360	0.37880242
361	0.37920925
362	0.37949213
363	0.3796333
364	0.37976483
365	0.37992987
366	0.38026762
367	0.3805124
368	0.38163438
369	0.38219696
370	0.38252604
371	0.3830699
372	0.38440415
373	0.38442037
374	0.38495106
375	0.38518873
376	0.3882087
377	0.38828245
378	0.38873178
379	0.3895358
380	0.38968277
381	0.39009327
382	0.390327
383	0.39055035
384	0.39112946
385	0.39156616
386	0.3925638
387	0.3927369
388	0.39300203
389	0.3930079
390	0.39320865
391	0.3939475
392	0.39407313
393	0.39457482
394	0.3950145
395	0.39543435
396	0.39567345
397	0.39589635
398	0.3962376
399	0.3965851
400	0.3966349
401	0.3967544
402	0.3968626
403	0.3968766
404	0.39745978
405	0.39766914
406	0.39861432
407	0.39870197
408	0.3990302
409	0.3994339
410	0.39980653
411	0.40062436
412	0.40068266
413	0.4006835
414	0.40076694
415	0.40083304
416	0.40153897
417	0.40181068
418	0.40203983
419	0.40218157
420	0.40227464
421	0.4023617
422	0.4029014
423	0.40298676
424	0.40323693
425	0.40365526
426	0.4038071
427	0.40386555
428	0.40388256
429	0.40431714
430	0.4046769
431	0.4051034
432	0.40520632
433	0.4054805
434	0.40596092
435	0.40597743
436	0.40613684
437	0.40758613
438	0.40776908
439	0.40777126
440	0.4077818
441	0.40818995
442	0.4083306
443	0.408624
444	0.40897158
445	0.40919858
446	0.40924522
447	0.40938875
448	0.4094253
449	0.40948352
450	0.40953973
451	0.4095593
452	0.4096007
453	0.41021168
454	0.41044372
455	0.41059363
456	0.4107157
457	0.41092184
458	0.41102862
459	0.41103855
460	0.41162145
461	0.41166022
462	0.41177544
463	0.41190547
464	0.41210508
465	0.41219586
466	0.41227964
467	0.41238618
468	0.41241968
469	0.41242465
470	0.41248363
471	0.4125424
472	0.41262493
473	0.41270474
474	0.41272876
475	0.41284785
476	0.4129842
477	0.41300678
478	0.41308025
479	0.4132093
480	0.41323414
481	0.4132669
482	0.4133886
483	0.41344383
484	0.41348055
485	0.41362625
486	0.41367197
487	0.41368964
488	0.41375652
489	0.413774
490	0.41380498
491	0.413874
492	0.41391265
493	0.41394833
494	0.41400856
495	0.41404375
496	0.41405678
497	0.41422176
498	0.41428602
499	0.41444963
500	0.41447574
501	0.41454363
502	0.414619
503	0.41469994
504	0.41488338
505	0.415013
506	0.41506305
507	0.41507727
508	0.41513002
509	0.4152111
510	0.41534173
511	0.41538927
512	0.41545007
513	0.41547656
514	0.4155091
515	0.415532
516	0.41566584
517	0.41579404
518	0.416071
519	0.41619498
520	0.4167329
521	0.41679353
522	0.41687715
523	0.41731164
524	0.41748583
525	0.41759905
526	0.4177055
527	0.41813266
528	0.4183836
529	0.41898233
530	0.4190604
531	0.41908717
532	0.41917974
533	0.41918522
534	0.4200036
535	0.42061943
536	0.42074174
537	0.42087334
538	0.42145628
539	0.42149436
540	0.4217254
541	0.42183968
542	0.42277682
543	0.4230027
544	0.4235337
545	0.4239798
546	0.42404228
547	0.42416632
548	0.42419067
549	0.42446843
550	0.4254
551	0.4256176
552	0.42569536
553	0.42700854
554	0.42776772
555	0.42955884
556	0.43335792
557	0.434082
558	0.43603653
559	0.43787077
560	0.443089
561	0.443302
562	0.4453101
563	0.4562792
564	0.4606943
565	0.46166065
566	0.46744847
567	0.47017488
568	0.47077194
569	0.47711524
570	0.4863364
571	0.48700163
572	0.48809943
573	0.4911518
574	0.49323404
575	0.493411
576	0.49427068
577	0.4953039
578	0.49714178
579	0.49988747
580	0.50292104
581	0.5052782
582	0.51002383
583	0.51029533
584	0.5107632
585	0.5115794
586	0.5131342
587	0.5140106
588	0.5144489
589	0.5158794
590	0.5172685
591	0.51805305
592	0.52112335
593	0.52115893
594	0.52127576
595	0.5225761
596	0.52267516
597	0.52324736
598	0.5241344
599	0.52432483
600	0.52548283
601	0.5259117
602	0.52718216
603	0.52802503
604	0.529565
605	0.5302611
606	0.5313315
607	0.5315528
608	0.53168607
609	0.5328687
610	0.533137
611	0.53476274
612	0.5362517
613	0.53639156
614	0.53667444
615	0.5382755
616	0.5387725
617	0.5393832
618	0.54004806
619	0.548086
