0	0.0
1	0.002643792
2	0.0048989095
3	0.011363287
4	0.021234766
5	0.02160498
6	0.021915006
7	0.023800248
8	0.02380742
9	0.025739376
10	0.028175374
11	0.0293925
12	0.029865883
13	0.030469142
14	0.030638207
15	0.032874122
16	0.036417224
17	0.03691186
18	0.03708359
19	0.037223358
20	0.03738232
21	0.04007849
22	0.04094404
23	0.044455588
24	0.044492465
25	0.04526831
26	0.045907628
27	0.046702467
28	0.04968713
29	0.05090667
30	0.05252745
31	0.0541025
32	0.054716688
33	0.055537462
34	0.056467365
35	0.056645587
36	0.056856535
37	0.05817501
38	0.058444884
39	0.058465194
40	0.058967944
41	0.059677426
42	0.059963886
43	0.06133376
44	0.061418127
45	0.061996706
46	0.06294116
47	0.06373025
48	0.06536912
49	0.065501615
50	0.06561964
51	0.06595869
52	0.06640725
53	0.06668003
54	0.06680315
55	0.06699928
56	0.06731717
57	0.06767174
58	0.06822833
59	0.07060296
60	0.07069481
61	0.071390025
62	0.07202838
63	0.07244175
64	0.07296437
65	0.073342666
66	0.07414551
67	0.07450868
68	0.074990034
69	0.075364485
70	0.075402424
71	0.07540988
72	0.07567002
73	0.07629174
74	0.07649474
75	0.076893374
76	0.07713059
77	0.07732358
78	0.077496715
79	0.07777761
80	0.07875237
81	0.079527244
82	0.079543404
83	0.07957481
84	0.08009344
85	0.08096507
86	0.08110573
87	0.08141669
88	0.08144946
89	0.08160944
90	0.08188782
91	0.082137704
92	0.082456455
93	0.0825165
94	0.082728826
95	0.08276306
96	0.08291572
97	0.08304191
98	0.083055675
99	0.08313869
100	0.083419695
101	0.083429985
102	0.08345064
103	0.08442043
104	0.08521406
105	0.08543497
106	0.08554943
107	0.08582515
108	0.085917875
109	0.085982285
110	0.08608001
111	0.08611278
112	0.08621131
113	0.08633945
114	0.08656404
115	0.08664561
116	0.08697218
117	0.08702216
118	0.08732578
119	0.08865425
120	0.08997742
121	0.091595516
122	0.09165538
123	0.09310178
124	0.09407285
125	0.10087191
126	0.10511505
127	0.10613338
128	0.10684858
129	0.10758782
130	0.11329733
131	0.1191148
132	0.12584712
133	0.13119969
134	0.13214666
135	0.14003453
136	0.14141206
137	0.14156568
138	0.15095234
139	0.1516916
140	0.15403286
141	0.15593246
142	0.15833099
143	0.16028605
144	0.1617117
145	0.1639121
146	0.16933116
147	0.17091142
148	0.17597163
149	0.17664336
150	0.1784112
151	0.17950073
152	0.18126066
153	0.18281363
154	0.1844504
155	0.18555768
156	0.18636553
157	0.18733114
158	0.18735063
159	0.18869518
160	0.1887634
161	0.18883748
162	0.18922463
163	0.1909282
164	0.19180217
165	0.19340079
166	0.19401053
167	0.19407478
168	0.19482194
169	0.19666426
170	0.1979842
171	0.19991651
172	0.20094362
173	0.20102078
174	0.20173834
175	0.20216021
176	0.20278478
177	0.2033661
178	0.2061582
179	0.20626678
180	0.20720586
181	0.20739183
182	0.20787178
183	0.20908818
184	0.20916541
185	0.20949623
186	0.20968081
187	0.20999305
188	0.21034218
189	0.2104757
190	0.21134828
191	0.21168967
192	0.21288602
193	0.21323784
194	0.21348271
195	0.21391872
196	0.2145332
197	0.21453331
198	0.21511598
199	0.21514274
200	0.2153262
201	0.21544605
202	0.21554533
203	0.21563952
204	0.21570891
205	0.21592028
206	0.21598695
207	0.21605968
208	0.21609378
209	0.21628937
210	0.21680076
211	0.21697396
212	0.21701731
213	0.21723764
214	0.21738632
215	0.21797715
216	0.21861434
217	0.21870098
218	0.21904959
219	0.21916096
220	0.21927807
221	0.21946986
222	0.21990067
223	0.22012508
224	0.22012734
225	0.22174473
226	0.22445896
227	0.2299591
228	0.23161288
229	0.25118607
230	0.2524025
231	0.25731722
232	0.26039654
233	0.26651978
234	0.2685419
235	0.2756357
236	0.2793521
237	0.28567016
238	0.2996809
239	0.3039216
240	0.30452612
241	0.3064901
242	0.31364986
243	0.31415945
244	0.3149328
245	0.31558886
246	0.3249918
247	0.33431607
248	0.33894044
249	0.3446969
250	0.34698498
251	0.35008132
252	0.3539865
253	0.35962528
254	0.3706618
255	0.3720878
256	0.37586662
257	0.3783084
258	0.379228
259	0.38076884
260	0.38720962
261	0.39171323
262	0.3919788
263	0.39619043
264	0.3964261
265	0.39955434
266	0.4008955
267	0.40260556
268	0.40388888
269	0.40467256
270	0.40493616
271	0.40524915
272	0.405358
273	0.40559784
274	0.40687236
275	0.40760922
276	0.40814993
277	0.40897733
278	0.40911233
279	0.40932027
280	0.40959913
281	0.40968877
282	0.40998298
283	0.4100603
284	0.4105413
285	0.41057613
286	0.4107291
287	0.4107948
288	0.4109917
289	0.4111093
290	0.4111799
291	0.4112363
292	0.4113001
293	0.41132435
294	0.41134524
295	0.41200152
296	0.41201338
297	0.41203445
298	0.41214705
299	0.4123136
300	0.41239366
301	0.412463
302	0.4124835
303	0.41250816
304	0.4126449
305	0.4127659
306	0.41298395
307	0.41303626
308	0.41325817
309	0.41344827
310	0.41357177
311	0.41357246
312	0.4135942
313	0.41364768
314	0.41369063
315	0.41372842
316	0.41374904
317	0.41384432
318	0.41397992
319	0.4140068
320	0.41432357
321	0.41449985
322	0.41487136
323	0.41618878
324	0.41629604
325	0.41890514
326	0.41977417
327	0.4202289
328	0.4206997
329	0.42125502
330	0.4218221
331	0.4218862
332	0.42273453
333	0.42275405
334	0.42303967
335	0.42315516
336	0.42398158
337	0.4244016
338	0.42441654
339	0.42441812
340	0.4245117
341	0.4247818
342	0.42479914
343	0.4252129
344	0.42529666
345	0.4259753
346	0.42607418
347	0.42662045
348	0.42695418
349	0.42695513
350	0.42713165
351	0.42745674
352	0.42773086
353	0.4284274
354	0.42917666
355	0.42936566
356	0.4294375
357	0.42969805
358	0.4298168
359	0.42991608
360	0.43046382
361	0.43200636
362	0.43247566
363	0.43262553
364	0.43286833
365	0.4332138
366	0.43404233
367	0.43486986
368	0.43510434
369	0.4372468
370	0.43793306
371	0.43870354
372	0.44111317
373	0.44191703
374	0.4419312
375	0.44303575
376	0.44367054
377	0.44414097
378	0.4447545
379	0.44650736
380	0.4474452
381	0.44830582
382	0.44866794
383	0.44983524
384	0.45132667
385	0.4521078
386	0.45264888
387	0.45324537
388	0.45351413
389	0.4544692
390	0.45471793
391	0.45523497
392	0.45589566
393	0.45701408
394	0.45708397
395	0.45710847
396	0.45792592
397	0.45805037
398	0.45813715
399	0.45833358
400	0.45863965
401	0.45890823
402	0.4591146
403	0.45999578
404	0.4601851
405	0.4603311
406	0.4603341
407	0.46037525
408	0.46123743
409	0.46171764
410	0.46172816
411	0.46209195
412	0.4622392
413	0.46227175
414	0.46251842
415	0.46279186
416	0.46325767
417	0.46346706
418	0.4634817
419	0.4634939
420	0.4639213
421	0.46436298
422	0.46452507
423	0.46459046
424	0.4647718
425	0.4647822
426	0.46479738
427	0.46481088
428	0.46524715
429	0.46529004
430	0.46541145
431	0.4655034
432	0.46624362
433	0.46640405
434	0.4668632
435	0.46747643
436	0.46835333
437	0.46857005
438	0.4689344
439	0.4696816
440	0.46969897
441	0.4697643
442	0.47003648
443	0.47156927
444	0.47245917
445	0.47280467
446	0.47344014
447	0.4735938
448	0.47398633
449	0.47480878
450	0.47513047
451	0.47556287
452	0.47559786
453	0.47604397
454	0.47631413
455	0.47639066
456	0.47641522
457	0.47646114
458	0.47649065
459	0.47649565
460	0.47668242
461	0.47690254
462	0.47724348
463	0.47739682
464	0.47830877
465	0.47859287
466	0.47883713
467	0.47932863
468	0.4793786
469	0.47987062
470	0.48033854
471	0.48047125
472	0.4805758
473	0.48064962
474	0.48113045
475	0.48163635
476	0.48197767
477	0.48253182
478	0.48258346
479	0.48270667
480	0.48273724
481	0.48274747
482	0.48355153
483	0.4835599
484	0.4842793
485	0.48434693
486	0.48449096
487	0.48500228
488	0.48506194
489	0.48538262
490	0.48561507
491	0.4857837
492	0.48584267
493	0.4859139
494	0.48690698
495	0.4873
496	0.4874019
497	0.4875022
498	0.48940858
499	0.489473
500	0.48984125
501	0.49035233
502	0.4907373
503	0.4912017
504	0.491624
505	0.4919172
506	0.4921979
507	0.49408644
508	0.49444476
509	0.49501705
510	0.49520752
511	0.49530149
512	0.49552026
513	0.49588692
514	0.49598047
515	0.49616855
516	0.49658892
517	0.4966529
518	0.49677867
519	0.49716163
520	0.49776572
521	0.4978191
522	0.49828783
523	0.4988841
524	0.4992646
525	0.4993218
526	0.49937886
527	0.49951848
528	0.499668
529	0.49999458
530	0.5000355
531	0.5000445
532	0.50123256
533	0.5016465
534	0.50169855
535	0.5019748
536	0.5023906
537	0.50267476
538	0.50310975
539	0.50324994
540	0.5035655
541	0.50432706
542	0.50436753
543	0.5044651
544	0.5045477
545	0.50465035
546	0.5048744
547	0.5052202
548	0.50523144
549	0.50650066
550	0.50656223
551	0.5070551
552	0.5074525
553	0.5074622
554	0.5076883
555	0.508362
556	0.50849366
557	0.50981325
558	0.50988626
559	0.5120999
560	0.51212204
561	0.5131923
562	0.5132895
563	0.5136598
564	0.5151772
565	0.51522696
566	0.5152435
567	0.51639557
568	0.5165231
569	0.5170286
570	0.51706505
571	0.51748294
572	0.5180385
573	0.5184942
574	0.51930606
575	0.52063704
576	0.5207982
577	0.5211271
578	0.52120084
579	0.5244912
580	0.5254981
581	0.52561367
582	0.5259316
583	0.5261085
584	0.5262729
585	0.5275495
586	0.52993083
587	0.53005344
588	0.533474
589	0.53352535
590	0.53472996
591	0.53601885
592	0.53614306
593	0.53667724
594	0.5369007
595	0.5385193
596	0.5409735
597	0.541314
598	0.5414692
599	0.5415731
600	0.5436781
601	0.54374605
602	0.54455435
603	0.54481167
604	0.54529136
605	0.545597
606	0.5458897
607	0.54616207
608	0.5535707
