2.265980240739004	0.05741891039025436	0.3563930157698543	0.48529961018428325	0.21930241645161433	-0.10787871305393212	-0.3235518324057736	-0.4115788603057045	-0.3800106245254913	-0.2956113444603324	-0.15883265069420632	-3.0003524796653656	-0.34686955138539644	1.293037201522971	0.8885437906745999	-0.2792963954490167	-0.8742625223907907	-0.5299150263719454
-2.0177989256349966	-0.04488706800296168	-1.1250822742518105	-1.8024484050573037	-1.674745123240332	-1.282157962441293	-0.7956927147622864	-0.3478979273810353	-0.07847512442513442	0.1517662963228855	0.9599569248360063	3.1714561597556137	-1.0475967454088593	-2.4189783043622795	-0.4766513691068465	2.0432513042586575	2.895127569749869	1.636145935153511
-3.8044473811865123	0.17403498838366285	-1.193300943013959	-2.004045570136497	-1.622293022741074	-0.9217918010216122	-0.24796670526762649	0.23107240923155545	0.41357920787100827	0.5050546465798413	1.4329053556716314	5.907125026938378	-1.2240078307785704	-4.142757903362534	-1.5934340418032398	2.315642174862081	3.9287579505070203	2.4081519240977163
-3.9483305008885763	0.45815828315950446	-0.616981977273806	-1.2285749757202655	-0.7829411311252205	-0.10001708512637729	0.45245593239531334	0.7380221255934237	0.7417396230822303	0.6442364950480391	1.243561969907416	6.010026700115812	-0.8510615295420488	-3.9570471026342875	-1.8580888309118881	1.7590914467319083	3.426934471513277	2.290617274376244
-1.9492058253124624	0.7754536863539763	0.5131266986387192	0.37815038392181616	0.627086965014953	0.9156041376358734	1.0415205559868073	0.9539851427377031	0.7465394313624732	0.4818689555912716	0.4846071723170392	2.895662273568215	-0.22596841622472025	-1.7981544512294672	-1.0613590416712522	0.5469673280643671	1.4784607364399818	1.300188786090171
0.31793847072877146	1.0078223259703933	1.5535142532907535	1.8838653668327772	1.892290327169476	1.7476536305035473	1.4409637228216698	1.007503068706429	0.6299849361567372	0.2479097778762881	-0.3102684596379497	-0.6078407813025577	0.3705379346660915	0.5701723799097228	-0.07451289878904736	-0.626031939981094	-0.5466025811885012	0.20981620862505418
1.8945904510442022	1.030977589022392	2.045171612062209	2.6381718813713544	2.4640359829554295	2.029385693657211	1.4663746379634193	0.8625362268903043	0.43124050976395817	0.0348190286335455	-0.8258983803871038	-3.043555030143494	0.7037175450796856	2.1715390713938123	0.6875970773861804	-1.2909172568290426	-1.8335294918435927	-0.5560829738460688
2.4731157801115358	0.8586399143316511	1.9459915856497945	2.5740302571237055	2.325327643727861	1.8046730540742506	1.2010533751947368	0.6140119255034017	0.23400870998307086	-0.09469387343566474	-0.9473313080097477	-3.8861240664816576	0.7342914128880865	2.665073954060994	0.9956911560414659	-1.4165325861719096	-2.209418768124309	-0.8770286279971714
2.4554823338710405	0.6463401943001629	1.6505716566042388	2.228733185555721	1.9731879880769374	1.4702615801536993	0.9163597528361307	0.40794627720662746	0.10047618895081341	-0.15340257378105326	-0.9213897536949536	-3.8499858529811637	0.7071838514001089	2.6403745500790503	1.043214197832254	-1.3368561931885854	-2.178739522807946	-0.9707412586048711
1.8692279735034945	0.35459123252047026	1.0250225927880912	1.405343924055425	1.2022135986176137	0.8369622436755806	0.46271498134677597	0.14465884663679818	-0.028312137196797392	-0.1587628871370738	-0.6333704071392187	-2.8866347895335993	0.4329369107770039	1.9074934146076599	0.8227172747829853	-0.8862873190267859	-1.536479110751911	-0.7425096205007216
7.973247221077584	0.37369131378697507	1.459537664965053	1.9525897441389206	1.1068550482401267	0.02855842427834996	-0.7238127274426528	-1.0992092909828826	-1.0792151342407368	-0.8897299061391871	-0.1318690544752487	-9.865106030498785	-1.3555823673193288	3.956868734871808	2.5930378272503236	-1.1913655365214793	-3.0149515905867985	-1.7071256232192693
7.888027345786647	0.43513722961628576	0.7500624554694556	0.8014656708980104	0.2399464829243566	-0.38170146848833986	-0.7069144717427546	-0.8173356334410936	-0.7219269992655581	-0.5127856096982055	2.4166783431016667	-6.512272807125585	-3.406930138801157	-0.005453966915560185	0.45939701672953304	-0.533360572102433	-1.0088462315602078	-0.40944236645361254
-3.8261525617629473	-0.20851124651657174	-1.5061983046375782	-2.142878231060968	-1.2738642299713185	-0.12980693282889	0.738426644162783	1.1701654347118178	1.1669494280155164	0.9987957926426823	3.566453356969634	9.643638672230585	-1.4762095779343216	-6.923804132278696	-4.391265919677882	0.7531427800517867	3.381921838066111	2.1022032984999908
-6.639422252923179	-0.5472023788722962	-1.4995737348155738	-1.8511644475044027	-0.7985468821687484	0.44069220337651166	1.2415070498214293	1.5555240515347064	1.4281691115342294	1.1048247051724038	1.9096920447712413	11.392261523459531	1.1260445681730178	-5.254964365944664	-4.023423198367877	0.16827008552455391	2.4393967192594834	1.3936743078867977
-1.790517805926653	-0.6061957511700964	-0.2710771161647577	0.04007118816948968	0.3295687322786991	0.5291314905239153	0.5360893341712034	0.4559793365494841	0.33774978318243376	0.1765956706491201	-0.40223688457774054	2.671092766681801	2.381556306622637	0.8496724404386164	-0.42082380267439096	-1.0740236104959167	-1.2032863840579517	-0.9374185290493751
3.993330029434915	-0.4644219403855213	0.815966003127797	1.5401432540082343	0.9956733221676989	0.17003183509516237	-0.5106605306903178	-0.8635798412718162	-0.8768170528422062	-0.7714908043806357	-1.8383386089252685	-6.419308276386631	2.191904641346019	5.758129157524227	2.9460989566066953	-1.668678597816177	-3.8788346112198533	-2.615992580998675
5.49217232268603	-0.2997400090299099	0.8234967522604318	1.376654111355179	0.5780450179689178	-0.450611749765502	-1.1669799272318753	-1.4359016461003287	-1.309224796317701	-1.0218336520116025	-1.7483176021211002	-8.586452866355378	1.1414215409411461	6.0358574392452695	3.738055508201857	-0.9843246993927972	-3.440689649506178	-2.349973447085838
1.777035700392718	-0.2006016235832793	-0.350683567136116	-0.5302626372880934	-0.8875719763192167	-1.1828424838042313	-1.2320694422610514	-1.059239327011112	-0.7929710285626529	-0.4639664545686469	-0.21235334811457524	-2.664028130934418	-0.31169671214769656	1.481078250093839	1.6495192324211025	0.8674856518775448	0.13870246860560517	-0.14324154609930476
