TE	0	1	2	3	4	5	6	7	8	9	10	11	12	13	14	15	16	17
0	0	0.0100384470944416	0.007439393309371347	0.008450572271294046	0.006953003703659953	0.017693508350178327	0.03013755864535118	0.031100269986214388	0.06060813333039218	0.031033445916745693	0.08730342756722528	0.03557364042149839	0.027566219455422213	0.0241999888067667	-0.0012232579461943871	0.004143168551872034	0.004777922465557414	0.006736918772414647
1	0.042263060570513725	0	0.001770760263928872	0.010477523635081597	0.0018014735228827105	0.017288141988442828	0.014133901017902527	0.017131505344406373	0.04538778188645371	0.017191212388702106	0.062237296019644194	0.016142848479472623	0.013211620174562507	0.016294524482986406	0.01069757050142735	0.020786168776717875	0.01850581191734566	0.026664344261736993
2	0.03543167132325059	0.020216105553095796	0	0.01571296634110882	2.4273698709259442e-05	0.02121622071188873	0.014383794701473754	0.02048248406651513	0.0470307906362759	0.012523466325328069	0.05756320313360647	0.02241997764506609	0.008700499558137028	0.009744487345498916	0.005272002932437185	0.009233407927768302	0.017939983425173372	0.021187819129279334
3	0.04645553535798666	0.013778684513880477	0.01625297478137294	0	0.011447858375860102	0.022426566939884117	0.01882765050240922	0.017703164055644982	0.05507934303123133	0.0204686961603217	0.04524329905285954	0.023463000060685607	0.008788064427314618	0.004862410242850285	0.006494942914017275	0.004209334673888864	0.010947828864547739	0.00872074836089343
4	0.054133753314670754	0.013505651462306407	0.000355725494504975	0.020437268432108278	0	0.03602934028777484	0.026738758083025314	0.031092294011072476	0.06306109276823318	0.021217582194774005	0.05383373980035004	0.02015768080124514	0.009605281217500043	0.01096175928071052	0.009286669414328793	0.010259557853530485	0.010811695407356693	0.0056781585331846735
5	0.0685434249673241	0.005002312010135849	0.0012248268199517298	0.009987307045204478	0.012017523993816689	0	0.03657257679382678	0.03183011930652435	0.08462012191213322	0.023860630145633423	0.04583014289283564	0.013103242784998453	0.012187695539769058	0.006138913349169191	0.000550658729433052	0.006740690982775696	0.006169302845133465	0.003355115968206201
6	0.05828172147609398	0.009002097092138788	-0.0017320507078611106	0.009438413840750805	0.00624614158220903	0.011781023503762028	0	0.039632415059706196	0.1125712774301873	0.029064730813392843	0.0458249016100512	0.015941732313916067	0.010216803936647591	0.00765159564736585	0.0043017260717544085	0.006544899176489084	0.0062294106468182295	0.0030106979803954203
7	0.06079043664623176	0.005685958934015853	-0.004735841023087157	0.006011515752376534	0.006346494853624713	0.011261439687723397	0.01573756428921013	0	0.1559848599870615	0.028875595949468796	0.06629957086437543	0.02435807176279346	0.010067531942992891	0.010386035910379534	0.00713957556746118	0.002179707556281663	0.0030748565033421158	0.004409602507445719
8	0.07675913707275982	0.006596302081888654	0.00793157369519459	0.00786524642201511	0.008538480927296884	0.00619251134321933	0.014739332659128013	0.010956841010220255	0	0.024749218934614615	0.06491316497565945	0.01375810532353938	0.01975999614954008	0.006883892589297993	0.008383349131793	0.003881658368106257	0.0019935446238829647	0.004087758933153832
9	0.0834960868332315	0.008071283524173942	0.007309475964625538	0.009266720832270819	0.009424485620949713	0.0070554454505665455	0.01368776451318603	0.01658020367277408	0.05280938444395819	0	0.06502129616496903	0.013922784371767204	0.015722785974494616	0.013596873404471157	0.007513688376320119	0.002633441987031498	-0.00043911416020037954	0.008081875845121688
10	0.1091806995071544	0.011210493033956773	0.005272275294797317	0.008912532306075282	0.012484149461753663	0.017423631278056278	0.017826336896129478	0.027470633203910348	0.05902555932390146	0.03230516052223059	0	0.051646877363784295	0.014233422534916482	0.01047505707306768	0.0038874752660243658	0.0032074333102394713	0.01571526851410193	0.006230501313300598
11	0.06445819040408034	0.008643998041408217	0.00024486912435706484	0.005380402932401765	0.007940239458440447	0.005972754742970968	0.01926280347491061	0.020181671215182675	0.025088793782599723	0.01679832629824609	0.06764752264512998	0	0.00927745720466347	0.003074043592595068	0.0029095329809185866	0.006159879227929955	0.003934399947743126	0.01138142143543914
12	0.0603507718990365	0.00791816256409537	0.003869985454257944	0.0035260641043687235	-0.0009346978790769785	0.006366293409915326	0.015608798886715609	0.016242604829569216	0.030710536779355712	0.014644763392439255	0.07234343155152664	0.03219548974637307	0	0.0064329996683174205	0.007819244768117479	0.006495119739147345	0.004736649972753488	0.007036251727768095
13	0.046119154655531444	0.008425870893670208	0.004342763540266959	0.0031204568591394824	0.0015692566699981362	0.005593408347288724	0.007445214588590033	0.014704181337774638	0.022804105188893836	0.02002663000608848	0.053493388222564595	0.026902062034310413	0.03172206338828339	0	0.014471456623607668	0.0003923108572842006	0.004823571667827237	0.008479124122654808
14	0.04545832534477867	0.003429325407472464	0.004122451986621886	0.004599565058494543	0.004570887725823963	0.005070327691252158	0.007375934653618438	0.009617033790356715	0.02209882505926111	0.014484653163326268	0.04654527381623593	0.01902775130676068	0.022412855951283985	0.02880815335765876	0	0.003966579327570635	0.005778335178527689	0.01054194184359153
15	0.055169218525217896	0.005610337551674833	0.0020649447334640755	0.007116566766615582	0.002384751100602381	0.00776174265244617	0.015180305556606905	0.011091942731765529	0.024726324223985033	0.006983152983198912	0.06510640619559048	0.023770582354687333	0.01871812084042113	0.029238092716175043	0.007325650629652686	0	0.013451235742985481	0.006950668649243777
16	0.039438228500509424	0.009906284353484354	0.004535954383146521	0.007686447113738053	0.0008932161867707135	0.006647388030809685	0.014796357140192569	0.009339523413177467	0.025635173458077316	0.01076729204305787	0.04662461860277158	0.0207079286953954	0.010745861818897673	0.01622391231041483	0.006557104208710242	0.024103265866830214	0	0.013657301681137608
17	0.042984351023118005	0.01494068725619772	0.007154707380914753	0.013368576270000819	0.0032127708613591236	0.011890018143376094	0.01747898725471991	0.016046597042396624	0.03369859843960321	0.0197066841153084	0.04566692606972658	0.012791024024827149	0.014123337828807361	0.015372835635045714	0.003243067205451755	0.015545998501646556	0.016771616257244156	0