TE,0,1,2,3,4,5,6,7,8
0,0.0,0.02986460043542027,0.04446884316628305,0.0255025097640561,0.005155563380641831,0.012715653998115913,0.03240998408169543,0.009804802059520239,0.013239524623923266
1,0.035769798170027234,0.0,0.03608338515940653,0.02682072017723638,0.015602941834897362,0.019441316281674732,0.027697928158892732,0.021233133980694888,0.02003929624770063
2,0.05603598170427571,0.03447891033042229,0.0,0.0410204437636683,0.018915251017896543,0.032171993322902666,0.022998006104630077,0.024949436607564747,0.0321298171424453
3,0.031298939590659575,0.03461897955955933,0.052380181230717575,0.0,0.005744884590858595,0.029985232145523122,0.041827206004871054,0.016683381013407612,0.021769715527098797
4,0.05318486635635616,0.035669240861204994,0.06481470367274624,0.051447011483315,0.0,0.03767635546800682,0.039153117900890565,0.031886588544695546,0.028439854851280137
5,0.014570336021270832,0.022706158845317806,0.03557865916469602,0.04604656230299485,0.008290259406077211,0.0,0.05388989618210552,0.03379637569076667,0.03205610860539659
6,0.020304386627114687,0.01348701233985196,0.023881797222308578,0.04532350920399796,0.002594192029835445,0.047704823108844774,0.0,0.03816282774001981,0.048490851339148655
7,0.013445069871115788,0.00099496104171594,0.018757653546217404,0.04330799680577964,0.0074063234697492215,0.056740590172786196,0.0741500517542244,0.0,0.06405581740194868
8,0.012542763143201862,0.002135942670465175,0.014151996724498794,0.04055128457261987,0.00858505152100179,0.03525711435081397,0.0683596118631767,0.04114848640674566,0.0
