TE,0,1,2,3,4,5,6,7,8
0,0.0,0.03815090440023427,0.04585134159972018,0.024018248847232325,0.003557530967636293,0.014099965820291447,0.03229859622490667,0.012368335204700077,0.01857552624731044
1,0.03592153662706342,0.0,0.051318582850034156,0.031354286724427735,0.013829543015120236,0.025349519345893162,0.026601132434280438,0.020069260421381203,0.026796057771308134
2,0.04955025706785693,0.0411682860934495,0.0,0.03876787361909958,0.019124217571673208,0.03617385633108977,0.025841713990330452,0.024436253371602927,0.040759185981593025
3,0.02550754018174508,0.03680380573436043,0.056313514175913924,0.0,0.004516005588725621,0.03184275666919384,0.038449653241732405,0.01477291412537845,0.03058172119667244
4,0.03983858667282063,0.038857674028618214,0.07386324681348605,0.04838239855752905,0.0,0.03403506980139395,0.03713549463650039,0.03431828097142341,0.03023694993389123
5,0.015202205879105023,0.029681754830330514,0.034731271968454075,0.03905103618911853,0.012946309688380474,0.0,0.047254890111691684,0.04258331871907205,0.034071686438788565
6,0.01929342237711371,0.013986318300953104,0.03168043804724687,0.047502082602596925,0.006484420670035296,0.05862494915170818,0.0,0.055629602899445366,0.052755365804778
7,0.014467574724315063,0.0017125525005167496,0.023038983283565115,0.039526341176675084,0.014540410254549895,0.05639385940516123,0.08157741589005699,0.0,0.07078224209461398
8,0.010837775950700568,0.0043159871661355535,0.025939243610151402,0.040584297926169015,0.01363733655924907,0.03942837651298004,0.06409640341409012,0.049746747826948615,0.0
