TE,0,1,2,3,4,5,6,7,8
0,0.0,0.09005752512387089,0.0709497930962307,0.09132662074737494,0.07248309807414222,0.03602634285173955,0.06974407701056826,0.0862399937707859,0.026804604219777026
1,0.08781585090600552,0.0,0.05308434307641731,0.1120995500829122,0.07475769837564991,0.03308779198052361,0.086279254879893,0.14282619126422044,0.0235833170181312
2,0.08291983614665076,0.09381743001759155,0.0,0.09005325821598899,0.07776478014058559,0.029546716330277223,0.07544346399412136,0.13306583847250564,0.026525367505632363
3,0.07192271124194322,0.10108245476694638,0.060393977957078425,0.0,0.08180798357566349,0.031151169718436574,0.05958832398473948,0.08187936787259545,0.025020399105649307
4,0.08316499210072001,0.06824326224972188,0.07375561054790786,0.10309642613620876,0.0,0.01773939811776049,0.02844218137166382,0.04321517463596994,0.019106899870833745
5,0.02450509931548262,0.04008298443340354,0.0711196276883913,0.04262889712391867,0.064493381829724,0.0,0.08740055897389377,0.11439409675187318,0.03955844475672002
6,0.027473807411355012,0.048607451940248875,0.06891154107400668,0.04059699468641444,0.03397572411466597,0.03340345009640042,0.0,0.06633429366970042,0.03350215079368957
7,0.02839936132849024,0.05754429311413632,0.07547254596346196,0.03429737278312557,0.042305943908285085,0.03468539260012955,0.04001724176762375,0.0,0.05432385405929699
8,0.04247197647230011,0.05432888945280084,0.04220855896386769,0.05600222152367794,0.0502914533280982,0.06374132748648527,0.11917759081316971,0.2001223899813512,0.0
