TE,0,1,2,3,4,5,6,7,8
0,0.0,0.04278278448540506,0.05184396394158949,0.03057077791831639,0.07691247429433036,0.026308803989553667,0.034289381846516816,0.023389425236233642,0.02055538254103249
1,0.041526196630029676,0.0,0.053363578373259,0.059853546924919905,0.0676658573935645,0.04264228960438968,0.03413491904585964,0.030311626552595342,0.031032608713468975
2,0.044234178737611346,0.0402451206336666,0.0,0.0625741845786871,0.11235867959965362,0.04152050152120588,0.029890615316637382,0.046127789706594514,0.038900310467363565
3,0.021690623428905056,0.042280138883180676,0.05306085305826119,0.0,0.078901728564238,0.032462906005224446,0.04558054707757186,0.05185123702819567,0.02997819866974678
4,0.03986856717695097,0.05362369931379197,0.0641143274632744,0.0699701895149577,0.0,0.025754390281511524,0.030741634239072564,0.04279799477804689,0.018116784100008665
5,0.013930451722432988,0.02717976936705375,0.04930412084736301,0.04694792190580786,0.1476029016388207,0.0,0.05712121560033183,0.06615429635219743,0.025493450853016346
6,0.017592165950425974,0.01618628035435269,0.04882321929036207,0.038984078796337814,0.14817053858564092,0.06704114413883384,0.0,0.07653115940342385,0.040853105148128
7,0.014808726046801186,0.008744235607994387,0.029028473507136863,0.04065387723938938,0.1409381486708293,0.05602382092409823,0.06757285826471293,0.0,0.059284841593720876
8,0.01811789335828303,0.020408529546006034,0.028160794486666783,0.03846848909377374,0.14537721311487647,0.05783973505563336,0.07855665037686542,0.08649754779745877,0.0
