TE,0,1,2,3,4,5,6,7,8
0,0.0,0.06848007024376972,0.05696885675234383,0.06674425975196913,0.09173916140917754,0.031977500369723445,0.059464547871436874,0.06168896240445227,0.027057639418585813
1,0.055999174834501814,0.0,0.05527227709008603,0.0935530662731543,0.10123323982571496,0.0307670016048197,0.0586268060654428,0.07697024946507748,0.03089478708213851
2,0.06080195232145298,0.060013210009082274,0.0,0.086109101869324,0.10662081963548334,0.027998719730605744,0.056870580531974364,0.08514053906302135,0.03341620180428761
3,0.049930964727030104,0.07173969270816548,0.05333428553528544,0.0,0.10009159523114992,0.03620203900187273,0.043791738660583265,0.06903057568365419,0.022013408394175052
4,0.0627777052638794,0.0727555596453603,0.06971289897465993,0.09206872438960068,0.0,0.025660253426354557,0.028272113157991264,0.04353201162668826,0.02125231590659412
5,0.0227907127069373,0.04070725203198469,0.06025795608713578,0.04268699009986846,0.1091690919785411,0.0,0.08246095566360655,0.08985797201677984,0.027026913791515082
6,0.024646487854875748,0.03404955710797663,0.06346324004343631,0.038158478615161216,0.09295519569490548,0.041423793907685046,0.0,0.07656867433163843,0.02547074578970141
7,0.02686692868268712,0.03063018176461019,0.06563230856786346,0.0355800327166202,0.08898332734428309,0.04350584938869906,0.053903458960846244,0.0,0.0514153383903196
8,0.034485803036968805,0.03456990861118446,0.03782679301194827,0.04884064893529904,0.10225821069797077,0.06039507600258455,0.10993172955322898,0.16350607527265884,0.0
