TE,0,1,2,3,4,5,6,7,8
0,0.0,0.030448341167280842,0.05491070697079864,0.023219869684144884,0.009998980206889505,0.018112098685600476,0.02940950152898204,0.015174274858027668,0.019725052372147663
1,0.03202601013184561,0.0,0.05735909837073888,0.032837297090092595,0.009933609720911242,0.028235356110822566,0.02645645676724955,0.024446911779527673,0.030971201911933654
2,0.042612896435856945,0.0376219119407613,0.0,0.04700612065711235,0.01969630833434288,0.03515033713871912,0.02668210497612372,0.030691688025954837,0.04347363122303469
3,0.014290714831862752,0.03544195176264365,0.056997775763298314,0.0,0.005752392867910065,0.025878755767307242,0.03637137965468702,0.026571314730851798,0.03243803270211923
4,0.03788585771671371,0.032338131422086254,0.08178391518398098,0.053049751038434775,0.0,0.029484861618580365,0.029773659147110464,0.034119163105714605,0.03477278784645036
5,0.01791222553025594,0.02797156766647321,0.04317372936251791,0.038486002531200894,0.022623933361814223,0.0,0.045914366831521614,0.04506571885739208,0.038241380209518644
6,0.018971792870007033,0.0112145880280772,0.04792476064514972,0.05020110245476279,0.015124317046190737,0.05989778678692999,0.0,0.06634176029693127,0.060246512877811326
7,0.016478269065455436,0.00156137297747249,0.02597172638029572,0.04282650557041321,0.02747033172485406,0.04738993378268529,0.06606816447571458,0.0,0.07990796159374944
8,0.018756379845647923,0.003816638866709965,0.026718685077773627,0.03517613587361763,0.0214431211500181,0.04201705602715113,0.07493331480865295,0.07314205781255632,0.0
