TE,0,1,2,3,4,5,6,7,8
0,0.0,0.05113724139496371,0.045865688875226976,0.030483533158756786,0.08549811770615176,0.023275393214709762,0.043807321222610975,0.03685056835606031,0.010496620687435591
1,0.0333580105174654,0.0,0.045972485270241656,0.06364552674981323,0.10147078103575097,0.03941983080557923,0.04191170360974135,0.05024325212431853,0.019060937249307134
2,0.04576304450959116,0.050465031746333794,0.0,0.05256257011659238,0.12927461259712159,0.03526643526568574,0.032783540807265976,0.06630090950712389,0.03229162026249603
3,0.024125315398861348,0.047437530261905045,0.05297253079303056,0.0,0.10071496726932701,0.030777520688374263,0.05075908055057656,0.07179500623144142,0.016146182526663423
4,0.04515916888165267,0.06411320378408895,0.070325542810523,0.06397471193196269,0.0,0.021291183779287175,0.022217134127162842,0.04725579647030287,0.011373769536615211
5,0.01877439668410729,0.02162299901270312,0.04649738463454265,0.02921688766352002,0.1555722328646501,0.0,0.07408956555224955,0.07902177186463226,0.014029186569295315
6,0.017973870045056347,0.01668826740638349,0.0576418635487959,0.02248117494088727,0.16884019849261542,0.05769572273855513,0.0,0.09379495309394946,0.02330100436316419
7,0.019020152964739856,0.01453726273274972,0.043091106887391706,0.03594860986774776,0.15337266508332936,0.04865765365209972,0.048198796057826274,0.0,0.04572554225280159
8,0.020299850213229387,0.019897883921270034,0.02893052732068843,0.032100577351367156,0.16168228985172328,0.053132385552844955,0.09069137378976402,0.1312472154803329,0.0
