TE,0,1,2,3,4,5,6,7,8
0,0.0,0.03491002660588945,0.06305530846541513,0.02735950317950844,0.03664837463045261,0.01875111966792649,0.032026137425776584,0.01454996338731425,0.017971461245006808
1,0.037781639207580583,0.0,0.06522811544203234,0.047033284177685555,0.03273939143297913,0.033690422048072474,0.03185096064863978,0.024999475790729267,0.029221143810531584
2,0.04457678263109818,0.04642019843105618,0.0,0.05841690069885516,0.048271965880941514,0.04179449448894758,0.03186356429779566,0.03269512842762509,0.04280810242424875
3,0.015743405267757055,0.04129491211066031,0.0645290686514225,0.0,0.030087495454353408,0.03611365967255416,0.03826427624414522,0.03773740440529856,0.03300360903809607
4,0.0384197865203472,0.04507289731321591,0.06941461158415967,0.06268913534171883,0.0,0.029139528639555518,0.038948912188137036,0.03342809067003732,0.017919782697187258
5,0.01672917362871046,0.023859621859706425,0.05822608144816842,0.04799334247979766,0.07709965917452119,0.0,0.0484097805625937,0.057644401521762506,0.02743035590014662
6,0.018566730739067564,0.00995522179633839,0.05209321821301038,0.0434653589701604,0.06315148849269822,0.06416188883797704,0.0,0.07527841730656785,0.04599010650259011
7,0.017218317076356102,0.00399438488133613,0.03041633361689834,0.04840218107594706,0.0637264789001091,0.05079275214336358,0.07085258471999614,0.0,0.07145156506899036
8,0.01803488908334276,0.014131045925387416,0.02673730675266011,0.03592450323197129,0.06585228997131494,0.047588410772051,0.0723424130199072,0.0751526934506184,0.0
