4.270206143398814	-0.08503876180212236	0.16713301750705986	0.18398092623081738	0.04053324981306903	-0.16729869442383283	-0.49806266909212266	-0.5649151072014713	-0.38575273306195756	-0.20813964795682793	-1.4301430241780824	-3.969106863967876	0.15920299244663536	1.1936376527229857	0.6488950365665379	-0.26937165591088175	-0.5759824707223022	-0.4490813622688404
-2.850675579529626	-0.03506615148267896	-1.07519715758094	-1.717790365216321	-1.8232993704474367	-1.4786645208374494	-0.8343493789001514	-0.39515048515381423	-0.25238854239421693	0.01869990171755722	2.3722865189001343	2.737233008722481	-2.1766398786517933	-1.691725878810301	0.4202734224467268	2.1651873094630725	2.347223807545772	1.438002392694836
-5.364434674807923	0.25319663862124603	-0.969021194667164	-1.6059607893783534	-1.5821781234444618	-1.082682422983441	-0.1896086451617673	0.2577198705455912	0.19530787559734988	0.257835165137893	3.859196100563018	5.289760510870487	-3.0369050459517974	-3.098034257981643	-0.24424435859968677	2.415730028634503	2.934109551798293	1.9891571214246497
-5.429121579484124	0.5743610439892417	-0.35159983570353787	-0.7526179308197889	-0.6385730809852698	-0.21326429552576795	0.5367503428501309	0.7960776829812304	0.5547047910148372	0.3864986097918087	3.6635238895899933	5.386801685120359	-2.662091829966632	-3.0831207529274853	-0.5963453087594782	1.8778785457318883	2.5006958826686523	1.887042038771629
-3.2988676924546882	0.811107703583578	0.515084788452709	0.4813099608248777	0.6228248634291309	0.7941737697734561	1.0979336266728221	1.0556294111769295	0.7174493155690985	0.37400917799679767	2.0214153711142715	3.26403283890544	-1.3009791646123543	-1.8068062505050284	-0.5659716681026221	0.795855826004222	1.2819116262660055	1.2216989505871954
-0.5196562746718754	0.8739999702888566	1.1796422547772087	1.4539061206389614	1.5704014977299654	1.4710943166302468	1.3062433213702223	1.0109630622637922	0.674540264530568	0.26855282304342426	0.07164037625489428	0.4823720078056865	0.16016227382787804	-0.2096108181025487	-0.30733537344157286	-0.23649727981223465	0.004154447292045336	0.42320539533110374
3.054980049575277	0.8806300841584567	1.8549160840058554	2.4452018140471985	2.5014130330487947	2.0805046753914853	1.3648851248368734	0.8035121230963475	0.5195554481557171	0.10045415600258331	-2.328357222359777	-3.111916333488908	1.8497747856386852	1.7877913742877738	0.1343076148698666	-1.3574777203563573	-1.45411260934237	-0.5284131553177365
4.411259002526637	0.7467921528397002	1.9204861400932745	2.5867892580677556	2.6051069270195812	2.0828449606291257	1.1921573786790496	0.5781928190456366	0.363225759422083	-0.0006555691928830823	-3.2102606626574457	-4.468167027693185	2.4523809029012105	2.5453897637506455	0.33310606512605156	-1.7397475291235573	-1.9946964979034998	-0.9458464807816841
3.4651564993208015	0.5262132915652314	1.440310044764426	1.9559670163965652	1.9674500607225685	1.5626747996708135	0.8703207672978716	0.402444219140467	0.25083264981834613	-0.015166824898255344	-2.533665749239838	-3.504029544458085	1.9513427419285074	2.0177507113755233	0.2597241374751556	-1.385299311638572	-1.5990415284120898	-0.7907348600897528
2.463827292256056	0.23734450205264382	0.8107831238879956	1.116610349378705	1.1033247152005166	0.8402312152691509	0.3911039906612737	0.11659220714606253	0.0654758583508001	-0.05254783280600136	-1.7536245412867209	-2.496369986404756	1.3032527132562381	1.4232524146396435	0.24650261804142296	-0.886967193040584	-1.071977999223879	-0.5879690912745505
17.31747413170883	0.11735703742759543	1.661744953090799	2.116826273120235	1.6546967215344617	0.6573305511327295	-0.969815805892876	-1.5508837668460174	-1.0750426238977164	-0.6910781937331151	-6.488951327762753	-16.093748799626713	1.751135886036113	5.326093988494534	2.2560224070142785	-2.006510101674855	-3.1649939753833047	-2.107773371583457
7.141290777506821	0.08394653002218673	0.16979460045937134	0.11769185134522872	0.03523447314909335	-0.06101379060840202	-0.21828150299747417	-0.23835686501942005	-0.14115029709761617	-0.021801404588692296	1.0480209365603288	-4.679349461354003	-2.5874722831638772	-0.8529923265073863	-0.12298291586723438	-0.12082186981217301	-0.12000766340584611	-0.02273703886047309
-10.987987826887151	-0.08408835643580985	-1.4696051165038342	-1.8420794554774647	-1.3311214218681404	-0.3509109117249893	1.2109950360342567	1.7396847914118019	1.2297215657780922	0.8113339327455452	8.685376322433292	13.149005317421995	-4.409484183394145	-6.915741493349745	-3.1068617943500287	1.4352741772372146	2.7799659840368096	1.9475139919223974
-6.134484522395559	-0.29385919615159006	-0.5511637576929477	-0.43514116830248506	-0.0987965483650871	0.29393293442815677	0.8651885378581115	0.9841032436405249	0.6827509179987455	0.3675932051196383	3.4762466197101016	7.455462712610536	-0.03195143627970247	-2.289918601933532	-1.7524042605584635	-0.35676147866174907	0.18791770875140346	0.11096562484745133
3.119076136273249	-0.44070742911592714	0.5153013283638717	1.0120906030648429	0.9833073534229692	0.6009644481852559	-0.08989047136806878	-0.40071417714896007	-0.29254792134228297	-0.2827325780697547	-3.0158900792977676	-2.564050768827007	3.8712895518166714	3.286681393654276	0.47042748118418465	-1.9251659345511642	-2.4653116896829133	-1.7970097873360686
8.755806271919274	-0.5251989217570895	0.8371351337754585	1.3427621933798057	1.0412899774274902	0.2839858035528607	-0.9884892130377289	-1.41888678340522	-0.9974080991001112	-0.679605743863658	-6.214980869472975	-8.6392905822356	5.063220282588612	5.970994022848992	1.9440558676009483	-2.178565774719094	-3.3184976577415886	-2.4821180326301766
7.967568649794369	-0.48280053021730995	0.4122778119447201	0.6202375385227819	0.2623159357563411	-0.35112297545461024	-1.3483476982461677	-1.5892625947945502	-1.1048076885129008	-0.6643311703641539	-5.22319183627632	-8.034083218418495	3.683923809032343	5.047879641588005	2.115298757244242	-1.1772299013053058	-2.218918107607424	-1.7790874226764808
2.7470440809687635	-0.3307314766747862	-0.5328945963422194	-0.8570999306824577	-1.134182337908495	-1.2458266175129713	-1.3713456633686538	-1.2013896220982947	-0.8183988250299136	-0.370912333300319	-1.3695216335464926	-2.8923628953370253	0.4806854605371083	1.6508448904012416	1.45651568443524	0.7814546861943901	0.31318491132995296	-0.05934320757644216
