TE	0	1	2	3	4	5	6	7	8	9	10	11	12	13	14	15	16	17
0	0	0.026174856462628515	0.02096831610016818	0.06663530950965806	0.041761643392146726	0.06164779009749031	0.03467316583783799	0.028193795717031758	0.015536334731819194	0.006198365936509943	0.09071507733974234	0.3135991163164893	0.1489967653101072	0.09814805308484653	0.07922623460365304	0.04572021332436044	0.03904155271275397	0.032153566030949564
1	0.06513728913033824	0	0.01229630417704431	0.01092244199488541	0.02862024325755144	0.0158740010370588	0.016699869954526804	0.012032959659453217	0.009610240310904046	0.005717503780969701	0.07712811551060869	0.22185391431729476	0.11184534859361214	0.05418178013958453	0.04934899850104932	0.034117043448660074	0.012420125670642117	0.005652869052908154
2	0.05673864864404957	0.014340759597180215	0	0.01907274240620994	0.01923320639158407	0.010632384315099731	0.017568398798812192	0.010071407425984358	0.011068396855126117	0.005382459543237329	0.07752803050686405	0.19229987342032442	0.13030965932303706	0.0637504834649505	0.04356113480472145	0.013978214962792272	0.020602353398295598	0.017874773270843504
3	0.057062846121277516	0.02010071168581283	0.01657676835959565	0	0.018678921069523496	0.01957987903304836	0.015015409056368612	0.016589866241677634	0.005754389530121368	0.00788604535641594	0.07627414078094609	0.19563849351387014	0.09631814726161131	0.05278922249757711	0.04820320993696591	0.032258524923490725	0.019882093879589096	0.01592848429037995
4	0.05824101832816807	0.01041137657430045	0.016603732648863417	0.030770979004234984	0	0.027182232639338902	0.015719553961641812	0.01815450631647356	0.005703190952863936	0.007574039281921647	0.07150378268007378	0.17835041471284108	0.10057942786930543	0.04931742044185123	0.04950535940565393	0.03143657444638392	0.018117322831548186	0.0166077366233379
5	0.03944768691047221	0.03837997956477403	0.03901818161579676	0.03261372116342999	0.03653673761329911	0	0.02434861284157703	0.03102613340416244	0.012772075072835417	0.009575285558462623	0.058318375424896	0.16650240963888197	0.09572893638232861	0.06183939362055086	0.05543655420217041	0.029691858621324497	0.01986958395477018	0.01039668892867553
6	0.025595836455121295	0.039917355090183675	0.03206589645473292	0.03686263435918941	0.03231425117447814	0.03004457692356718	0	0.024694615450983105	0.015581535442142398	0.008362726995450162	0.048588488115961455	0.1525766698783004	0.08890972556380027	0.05689657845419302	0.056853998412269506	0.02996515162261303	0.02389555066487742	0.01831546621301521
7	0.0076384315213707515	0.04078301151086852	0.012988350958426384	0.024769398089217378	0.03538393374835286	0.034230104021338296	0.017091459587247202	0	0.020072135904801336	0.013421799350346007	0.03935392114572751	0.10975372296931502	0.068881344761628	0.0634832056725264	0.046982460190807485	0.02794770422847228	0.03036472110819745	0.014106839417045986
8	0.0036102341396990496	0.020258560593916314	0.020162632290051875	0.02960121608718169	0.030158915334424236	0.02810234917944067	0.03203685144299125	0.01133916312237192	0	0.020659697755409663	0.029872513794993543	0.09199629297825958	0.06726376084625627	0.051817848770493266	0.041598568397868414	0.023003920787468646	0.012156261724723175	0.008831937465695508
9	-0.00041796324197265235	0.022688040481692363	0.0123645196314342	0.019982034579519525	0.02811619622945834	0.02571172124991966	0.014501023583879013	0.01536614786978534	0.0020305105071943743	0	0.017463724172750494	0.048188402143535765	0.03334690107252779	0.02771649530332572	0.025621227228237595	0.012134162229015939	0.007733481106859641	0.006925206036450196
10	0.07862884561702664	0.03515367760461341	0.045102168620654574	0.02741230177561674	0.04695574537453036	0.05130804655479945	0.028977881534526767	0.021408192229809168	0.017646921699502244	0.0057564605948656235	0	0.30300825082538374	0.15737040586463022	0.10205810768090033	0.0765492982514595	0.06307391055100373	0.04261881235019189	0.025664744062882244
11	0.07368900423238223	0.026251604760704046	0.02640804049929614	0.02939054267464705	0.03783315833568953	0.03334442669517014	0.02683664623260314	0.015825705071385955	0.008432824205639441	0.0029393288201940556	0.05143851329074262	0	0.09364992373376073	0.051756654279494205	0.0367692259860352	0.030829546267348858	0.021942602787436257	0.02103756184451412
12	0.04917757421940673	0.017565912312900788	0.0183476744688178	0.021328989458488108	0.01412297355056897	0.01442095005341534	0.019860614802176595	0.012471312203282538	0.009025012821913652	0.000721943562512711	0.050431463945324675	0.17959043096309363	0	0.03688051408470538	0.027399950680174576	0.032377748816595754	0.01954537187160443	0.005603624413051922
13	0.059076944812113404	0.01090992286241237	0.019150764024851545	0.009113028313627014	0.01661121276367759	0.016321026428010154	0.013775430638596048	0.013317264149877859	0.008347870582850268	0.005156117432297851	0.05868186180830798	0.1744166956168499	0.08523741528451362	0	0.015365530115053844	0.012973608546247134	0.011260983839300288	0.011999380179202606
14	0.06293401933231249	0.014620796557021514	0.004892482400101595	0.022627985225153847	0.011543520563875465	0.018462743458792025	0.020934634070753765	0.0074797025253223	0.007839619047331091	0.0011460695006721671	0.06755130281742946	0.19846575115843396	0.08790314227216219	0.049120301979912906	0	0.01244061889294275	0.013570786597261368	0.004420556281464475
15	0.06958344975398259	0.003203936898054928	0.010639417252167707	0.019862394849774104	0.013192904727128538	0.013991941538924186	0.015612319606276633	0.005502124150458525	0.006663872574443513	0.004440933544867384	0.06308709394806779	0.20245687716495983	0.11994896788381537	0.05480440707419339	0.02362892948881978	0	0.007446104141150473	0.01453361792596852
16	0.07015448761171061	0.0031217645049437704	0.013997300398117422	0.017557855728059023	0.015504234069396671	0.014010623108378398	0.008210330002877023	0.005699728646441948	0.0058509750686281765	0.004036234064247091	0.07386495908630482	0.18027376245909377	0.10746053982632169	0.05517492357625361	0.028758550643026164	0.02874861602720524	0	0.018194695669923978
17	0.0795601774434172	0.015103685165178326	0.016495643990447652	0.020562934960415384	0.012673176956132435	0.015621435163394332	0.012080476440633767	0.010703926633823387	0.003226823723166867	0.003837969474395179	0.07334675850943698	0.201548833221954	0.10859752644940293	0.046404070064012974	0.02803172585266576	0.039367972363435144	0.017567771842286858	0