TE,0,1,2,3,4,5,6,7,8
0,0.0,0.07036384952695449,0.03299202520868323,0.024309875366913546,0.09878531458607012,0.04776456285948147,0.0424873145187844,0.03684102613653923,0.021066665750011534
1,0.03842905654966623,0.0,0.030889070998178045,0.03252028737577732,0.146714310095031,0.054884657920419064,0.05852315248979639,0.05835124925079851,0.011342373291961352
2,0.036256713829087926,0.06306694702379563,0.0,0.03073712051363495,0.11591236207610164,0.041973171320428194,0.084306286961759,0.04802973157108807,0.015356915983987293
3,0.036515936493254963,0.07340992901549183,0.0340457482122859,0.0,0.12207478696510868,0.050224427694224805,0.05314545508541602,0.043638102945099184,0.010446130642591983
4,0.07159158198776316,0.04361839476681646,0.04481935742447347,0.06010881602902683,0.0,0.05718804465010311,0.0350481806637321,0.03702130515790903,0.014337873191251066
5,0.01876892556828473,0.05927808569968962,0.04622446079267967,0.021815264977721557,0.12127600498912817,0.0,0.07493009215656989,0.058713368271536774,0.035408052830166764
6,0.010328780506799494,0.032685296279854836,0.05754834054960206,0.013561490866501302,0.0780820626867399,0.062110342781026555,0.0,0.06219413342579806,0.02183885093516164
7,0.010312524154736758,0.026610586637276078,0.04878389662353396,0.017133784644034554,0.11137466561761698,0.05864065822291139,0.06019916342623527,0.0,0.01806886996557263
8,0.017295633339881367,0.041679853720012844,0.03146353498042507,0.021290959479132905,0.13749137003708106,0.11359375064520952,0.10813575637219877,0.14452398859642296,0.0
