TE,0,1,2,3,4,5,6,7,8
0,0.0,0.05715405459574204,0.03704256984657249,0.03188298029235595,0.10072051919453513,0.03462615464959073,0.02957001522025994,0.01981613499326139,0.016323714042377743
1,0.04100036602556256,0.0,0.03318985808362443,0.03673362293215983,0.12438220846865486,0.045596129570778035,0.04251667376361291,0.032928612974499394,0.012109485121720456
2,0.034726911525734025,0.04935232428048758,0.0,0.023806337161030307,0.13598784756394,0.03822127183891617,0.0748267804702286,0.03856048247726497,0.014451802088171182
3,0.03313305472226713,0.07328426376124683,0.041458056302127816,0.0,0.10265209197878476,0.04060622715235199,0.04970141911284132,0.031402641646135585,0.008162325010985207
4,0.0665783782748831,0.041569301470748714,0.051760635247127595,0.06621430333967188,0.0,0.05652244857560586,0.04243791487029927,0.03827063185529714,0.019797394696997823
5,0.013404585003793905,0.051638771517201906,0.04920589725253792,0.022557165550661788,0.14244249857732877,0.0,0.10263145114331121,0.061574097395287845,0.02829122089155904
6,0.0054548189414844106,0.0221262351266047,0.046822241445140224,0.01558033977518041,0.11050489375499098,0.06204358012524851,0.0,0.07998868838299886,0.019674249380695216
7,0.004496892873409673,0.01702716434411427,0.03282560104663351,0.01796155912441433,0.13025649833632524,0.05417003801288367,0.07703885917609765,0.0,0.014308416395722407
8,0.010985000186576955,0.026636772474698357,0.038035901192052454,0.016063723905959434,0.15834137406936402,0.083417188353581,0.12664830089115392,0.12033112979673524,0.0
