TE,0,1,2,3,4,5,6,7,8
0,0.0,0.03913160122462381,0.05406976072104457,0.034752935263787206,0.06077547270789761,0.03273897322550205,0.020902998176527958,0.010888704502884154,0.014099477610211098
1,0.034809408360024836,0.0,0.045570538734427624,0.04761159904229982,0.06846349127726156,0.040783337662401636,0.028494686299863518,0.017451062816989375,0.018416817665575676
2,0.03740421237477748,0.04147821793352051,0.0,0.044323426136840094,0.10317848160575974,0.043599178011759915,0.05730177738554511,0.028342135147404718,0.030754947124935053
3,0.03064568737661698,0.049418557884041536,0.050575206324197035,0.0,0.05850728853072431,0.03675003820975606,0.04060084803155373,0.03178786432210274,0.007832263214085916
4,0.061613731999997035,0.04827601123137551,0.04388156942923807,0.07270048211618765,0.0,0.05780762652214212,0.05108084545636725,0.04664663756261653,0.03442685069295542
5,0.0055138700188841145,0.02255206342959653,0.0516106336998545,0.04256287445732298,0.10734665287552456,0.0,0.0892344263844468,0.05212235128510013,0.0301644800138395
6,0.0033656598887404766,0.011998128845858817,0.042923542637806934,0.03191539923043011,0.10409892260221924,0.06546993616347696,0.0,0.07334300411883671,0.03637321375729507
7,0.004217754372921677,0.01045575493183569,0.032413778117874756,0.03533452377889085,0.08664712997104597,0.04882729728000831,0.07172716041721248,0.0,0.027219913537461365
8,0.009708541922426813,0.026344373862753335,0.03833803762813454,0.03302463912517657,0.07714300411259974,0.043641453139098396,0.09546047375109958,0.07492405452154519,0.0
