TE,0,1,2,3,4,5,6,7,8
0,0.0,0.0447767943543195,0.06107895544078006,0.015458616452712454,0.015745954625655242,0.021107184093573882,0.015070415493440275,0.006563677383862552,0.02257025202250562
1,0.02998488483460923,0.0,0.058580181721967495,0.045711447013067286,0.021772655895785982,0.025710173715682384,0.02240421745111703,0.009086499637916086,0.034823632446295126
2,0.041521068851615,0.026744584057935693,0.0,0.04542144100197219,0.030165536007501548,0.046471555292626504,0.03319643532954513,0.017547796392326447,0.05379263082844724
3,0.025958304132518983,0.053248144151139445,0.06438636157878588,0.0,0.014470828778385523,0.03394524381683761,0.033128618546959185,0.025579908706559434,0.020757721481059296
4,0.05175383498370538,0.033690975775257336,0.04725544823865568,0.04418725653042117,0.0,0.05013040829865033,0.04128616566152357,0.03651624997404283,0.04937111541712627
5,0.005988336455293923,0.026367721240950697,0.051752820673487854,0.048426494149931644,0.022190487123624945,0.0,0.06119364438004957,0.03270501808069684,0.0423374610930245
6,0.0027531155068820593,0.008698605924442862,0.043778243933074536,0.049331452883738566,0.028199041995809554,0.05220937956898456,0.0,0.06304865750782375,0.05877740869136652
7,0.004472428981885622,0.010868743412573054,0.03092773253988028,0.041509360581900356,0.015835210299616247,0.05896562126358401,0.055259788678620594,0.0,0.05255822386282541
8,0.011149091225692485,0.022252113185735313,0.033038546059599036,0.04023703636073469,0.0160508017905737,0.04000216116640516,0.06468464832870596,0.05439390947208042,0.0
