TE,0,1,2,3,4,5,6,7,8
0,0.0,0.06624173680184756,0.031381967258420115,0.04181649586469148,0.09862839470409734,0.052201318927121904,0.06279269290316149,0.06607925550755249,0.023110464134640206
1,0.05060901169663331,0.0,0.04420248612258854,0.04175726755108851,0.10612774517645016,0.05688935682981695,0.08399384177212532,0.11449318253207662,0.01989969788265307
2,0.05063412347774294,0.07993563566108426,0.0,0.03859709558763277,0.09132467310140376,0.047006854919775076,0.07742822860468773,0.08228531035071536,0.011975564509680238
3,0.06756825864724707,0.07952144146401863,0.03235144747711039,0.0,0.1013326097106757,0.05012142237975897,0.06049171285730204,0.07367914823599059,0.01883551862850298
4,0.09036316004710236,0.061684511472740566,0.03838801014803335,0.07010822698700211,0.0,0.05408512999262729,0.030938905541665448,0.029296415689882803,0.02350386612824308
5,0.033751905989445524,0.05294636686815188,0.05370798347615928,0.02413257959214929,0.07009798559473376,0.0,0.04678219181643723,0.041456420249813636,0.05662825834752256
6,0.0190530676790353,0.04444754001766428,0.08889229244204665,0.022511832301106146,0.04437904445269007,0.05450175377715315,0.0,0.048219411688805794,0.026478437147884035
7,0.016990117026405616,0.04452850988482527,0.06413262662285636,0.025699962402695245,0.063500731727207,0.05029434711953004,0.03892247524311049,0.0,0.02841572971404417
8,0.03371872538357844,0.055431438320581186,0.0445351081880167,0.030396733904483927,0.08412902446640264,0.11882706565501293,0.08446567056393081,0.17573093711738516,0.0
