TE,0,1,2,3,4,5,6,7,8
0,0.0,0.041992521890216426,0.034749576957903684,0.02604270009728809,0.09539083642019165,0.03290675935244673,0.025374643021852054,0.013117245179218862,0.013963046880987463
1,0.033061809092193584,0.0,0.03613601850504576,0.033318122515987744,0.1194137430215163,0.042929210690351244,0.03533272060686829,0.028998695229858772,0.010112467967018757
2,0.029090919772567482,0.0335575667857622,0.0,0.024470778955663092,0.15339142931751265,0.041505296947489945,0.06898708282548363,0.03157834494441788,0.020249998093489246
3,0.0269955208315003,0.05979400813888738,0.040150494640463316,0.0,0.09219365839351107,0.03640987676146434,0.04070404887843316,0.03355448418053725,0.004911111742310638
4,0.05679375384867935,0.044994112856887536,0.04991789690671712,0.05856992176432255,0.0,0.05416782516681873,0.049006042953768425,0.037716394879422244,0.025341985375687295
5,0.006787226260063368,0.028133454306717487,0.04892179936912058,0.027684949410216562,0.14029743401685413,0.0,0.11837373319526528,0.06388500165645987,0.024712030868390772
6,0.004019077147488477,0.013204360234181818,0.03881164728703397,0.02174918009251099,0.14117802736235627,0.056353399194604595,0.0,0.07920465324522169,0.026442543411132856
7,0.004991031166362419,0.010652319741400504,0.03309164551910142,0.01859407174285735,0.1308320653848191,0.047874112841987455,0.0775435797836499,0.0,0.012722214949119045
8,0.010554701290840218,0.02620789508655034,0.04001056978746712,0.018251299254573538,0.1261230097129739,0.055395437743161594,0.11010522712983116,0.09419757802041676,0.0
