TE,0,1,2,3,4,5,6,7,8
0,0.0,0.03950189502708374,0.052664045985778146,0.02559948361550072,0.03818233066578765,0.02977464912525122,0.01540753370041761,0.00667038546589879,0.019065144690729757
1,0.029623170707990906,0.0,0.04579253619554892,0.05102599282440895,0.04277462520714691,0.04104451122334424,0.024883382232637544,0.011136934336792949,0.029441537785376865
2,0.03698150010715028,0.029931219380634578,0.0,0.0455682781963612,0.058420977233085716,0.04916065070001631,0.047100001823238244,0.024410261213919635,0.04670972683006601
3,0.02957812756614362,0.042879389555025474,0.05357232583628277,0.0,0.03310217159742202,0.03771739873986129,0.04115219999863119,0.02958209396133698,0.01600699138420769
4,0.056407045953407176,0.03637949317460991,0.052129891615762085,0.058350440621664404,0.0,0.05177213148758239,0.0523001989803792,0.03786328200089404,0.045151531577260214
5,0.006629917893513198,0.02216534108761611,0.04580919612536326,0.0454764772560952,0.04856369199947641,0.0,0.07323750876383625,0.04643166191943003,0.0336419431458334
6,0.0031572416392601364,0.010996991319807919,0.041208787244652746,0.0349878188948596,0.060750821175496454,0.07404227626605092,0.0,0.07910467364429294,0.04667339885723569
7,0.004767706718678127,0.010605902862636477,0.02917772966170047,0.0363771493580298,0.04702174251321506,0.05547035747724087,0.06329743398716782,0.0,0.04418067550566427
8,0.008822585878664756,0.020301819236275973,0.03279656882564644,0.03890006102682752,0.044122926427724855,0.04275392692777358,0.08344531377278178,0.06573543262515782,0.0
