TE,0,1,2,3,4,5,6,7,8
0,0.0,0.041040224877417715,0.06506791683268688,0.01166969802531722,0.015479767602648018,0.01712445049055042,0.012391147197224795,0.0063210193646763965,0.01910299951208875
1,0.02287298980819972,0.0,0.0508578307588912,0.03552454517757471,0.017432428612028667,0.025009255932627324,0.016381166572836458,0.007199179426372025,0.02699192835792312
2,0.03965821875470134,0.025251918826188838,0.0,0.047870386658208954,0.019637014524310138,0.04370007376374677,0.025676504144587907,0.005096994924084245,0.04362831447344649
3,0.029903713556117203,0.046249552321226954,0.06459573922952444,0.0,0.01003624320500775,0.028091155548470782,0.02250464710598858,0.018922830771285377,0.023118265582299617
4,0.04484590129897415,0.034209777029011026,0.05638252534817633,0.031290365935777706,0.0,0.04700087892365797,0.042450684921708594,0.028051530881578687,0.042858764997856874
5,0.002794608938462134,0.025516189685565092,0.05069644394655612,0.06011402246715726,0.01107953458594019,0.0,0.05751682264543616,0.024905209742404837,0.03878219321040852
6,0.0011737195748262555,0.010888275390626923,0.0363988456993812,0.05183160186490121,0.014110466073738896,0.04683189174591083,0.0,0.04340685280840969,0.058288743869609375
7,0.0035721897582276754,0.010513238616448947,0.022424900316094988,0.03784293208267245,0.006048443192848648,0.05450054843433495,0.049337877214838274,0.0,0.05134688306982965
8,0.006954017693902083,0.0202559084974922,0.03243181288357905,0.04360479700749249,0.005750839076853067,0.036364276935504314,0.05786754714375182,0.037162493182997886,0.0
