17,20
17,21
17,22
17,23
17,24
17,25
17,26
17,27
17,28
17,29
17,30
17,31
17,32
17,33
17,34
17,35
17,36
17,37
17,38
17,39
17,40
17,41
17,42
17,43
17,44
17,45
17,46
17,47
17,48
17,49
17,50
17,51
17,52
17,53
17,54
17,55
17,56
17,57
17,58
17,59
17,60
17,61
17,62
17,63
17,64
17,65
17,66
17,67
17,68
17,69
17,70
17,71
17,72
17,73
17,74
17,75
17,76
17,77
17,78
17,79
17,80
17,81
17,82
17,83
17,84
17,85
17,86
17,87
17,88
17,89
17,90
17,91
17,92
17,93
17,94
18,19
18,20
18,21
18,22
18,23
18,24
18,25
18,26
18,27
18,28
18,29
18,30
18,31
18,32
18,33
18,34
18,35
18,36
18,37
18,38
18,39
18,40
18,41
18,42
18,43
18,44
18,45
18,46
18,47
18,48
18,49
18,50
18,51
18,52
18,53
18,54
18,55
18,56
18,57
18,58
18,59
18,60
18,61
18,62
18,63
18,64
18,65
18,66
18,67
18,68
18,69
18,70
18,71
18,72
18,73
18,74
18,75
18,76
18,77
18,78
18,79
18,80
18,81
18,82
18,83
18,84
18,85
18,86
18,87
18,88
18,89
18,90
18,91
18,92
18,93
18,94
19,20
19,21
19,22
19,23
19,24
19,25
19,26
19,27
19,28
19,29
19,30
19,31
19,32
19,33
19,34
19,35
19,36
19,37
19,38
19,39
19,40
19,41
19,42
19,43
19,44
19,45
19,46
19,47
19,48
19,49
19,50
19,51
19,52
19,53
19,54
19,55
19,56
19,57
19,58
19,59
19,60
19,61
19,62
19,63
19,64
19,65
19,66
19,67
19,68
19,69
19,70
19,71
19,72
19,73
19,74
19,75
19,76
19,77
19,78
19,79
19,80
19,81
19,82
19,83
19,84
19,85
19,86
19,87
19,88
19,89
19,90
19,91
19,92
19,93
19,94
20,21
20,22
20,23
20,24
20,25
20,26
20,27
20,28
20,29
20,30
20,31
20,32
20,33
20,34
20,35
20,36
20,37
20,38
20,39
20,40
20,41
20,42
20,43
20,44
20,45
20,46
20,47
20,48
20,49
20,50
20,51
20,52
20,53
20,54
20,55
20,56
20,57
20,58
20,59
20,60
20,61
20,62
20,63
20,64
20,65
20,66
20,67
20,68
