37,60
37,61
37,62
37,63
37,64
37,65
37,66
37,67
37,68
37,69
37,70
37,71
37,72
37,73
37,74
37,75
37,76
37,77
37,78
37,79
37,80
37,81
37,82
37,83
37,84
37,85
37,86
37,87
37,88
37,89
37,90
37,91
37,92
37,93
37,94
38,39
38,40
38,41
38,42
38,43
38,44
38,45
38,46
38,47
38,48
38,49
38,50
38,51
38,52
38,53
38,54
38,55
38,56
38,57
38,58
38,59
38,60
38,61
38,62
38,63
38,64
38,65
38,66
38,67
38,68
38,69
38,70
38,71
38,72
38,73
38,74
38,75
38,76
38,77
38,78
38,79
38,80
38,81
38,82
38,83
38,84
38,85
38,86
38,87
38,88
38,89
38,90
38,91
38,92
38,93
38,94
39,40
39,41
39,42
39,43
39,44
39,45
39,46
39,47
39,48
39,49
39,50
39,51
39,52
39,53
39,54
39,55
39,56
39,57
39,58
39,59
39,60
39,61
39,62
39,63
39,64
39,65
39,66
39,67
39,68
39,69
39,70
39,71
39,72
39,73
39,74
39,75
39,76
39,77
39,78
39,79
39,80
39,81
39,82
39,83
39,84
39,85
39,86
39,87
39,88
39,89
39,90
39,91
39,92
39,93
39,94
40,41
40,42
40,43
40,44
40,45
40,46
40,47
40,48
40,49
40,50
40,51
40,52
40,53
40,54
40,55
40,56
40,57
40,58
40,59
40,60
40,61
40,62
40,63
40,64
40,65
40,66
40,67
40,68
40,69
40,70
40,71
40,72
40,73
40,74
40,75
40,76
40,77
40,78
40,79
40,80
40,81
40,82
40,83
40,84
40,85
40,86
40,87
40,88
40,89
40,90
40,91
40,92
40,93
40,94
41,42
41,43
41,44
41,45
41,46
41,47
41,48
41,49
41,50
41,51
41,52
41,53
41,54
41,55
41,56
41,57
41,58
41,59
41,60
41,61
41,62
41,63
41,64
41,65
41,66
41,67
41,68
41,69
41,70
41,71
41,72
41,73
41,74
41,75
41,76
41,77
41,78
41,79
41,80
41,81
41,82
41,83
41,84
41,85
41,86
41,87
41,88
41,89
41,90
41,91
41,92
41,93
41,94
42,43
42,44
42,45
42,46
42,47
42,48
42,49
42,50
42,51
42,52
42,53
42,54
42,55
42,56
42,57
42,58
42,59
42,60
42,61
42,62
42,63
