45,46
45,47
45,48
45,49
45,50
45,51
45,52
45,53
45,54
45,55
45,56
45,57
45,58
45,59
45,60
45,61
45,62
45,63
45,64
45,65
45,66
45,67
45,68
45,69
45,70
45,71
45,72
45,73
45,74
45,75
45,76
45,77
45,78
45,79
45,80
45,81
45,82
45,83
45,84
45,85
45,86
45,87
45,88
45,89
45,90
45,91
45,92
45,93
45,94
45,95
45,96
45,97
45,98
45,99
45,100
46,47
46,48
46,49
46,50
46,51
46,52
46,53
46,54
46,55
46,56
46,57
46,58
46,59
46,60
46,61
46,62
46,63
46,64
46,65
46,66
46,67
46,68
46,69
46,70
46,71
46,72
46,73
46,74
46,75
46,76
46,77
46,78
46,79
46,80
46,81
46,82
46,83
46,84
46,85
46,86
46,87
46,88
46,89
46,90
46,91
46,92
46,93
46,94
46,95
46,96
46,97
46,98
46,99
46,100
47,48
47,49
47,50
47,51
47,52
47,53
47,54
47,55
47,56
47,57
47,58
47,59
47,60
47,61
47,62
47,63
47,64
47,65
47,66
47,67
47,68
47,69
47,70
47,71
47,72
47,73
47,74
47,75
47,76
47,77
47,78
47,79
47,80
47,81
47,82
47,83
47,84
47,85
47,86
47,87
47,88
47,89
47,90
47,91
47,92
47,93
47,94
47,95
47,96
47,97
47,98
47,99
47,100
48,49
48,50
48,51
48,52
48,53
48,54
48,55
48,56
48,57
48,58
48,59
48,60
48,61
48,62
48,63
48,64
48,65
48,66
48,67
48,68
48,69
48,70
48,71
48,72
48,73
48,74
48,75
48,76
48,77
48,78
48,79
48,80
48,81
48,82
48,83
48,84
48,85
48,86
48,87
48,88
48,89
48,90
48,91
48,92
48,93
48,94
48,95
48,96
48,97
48,98
48,99
48,100
49,50
49,51
49,52
49,53
49,54
49,55
49,56
49,57
49,58
49,59
49,60
49,61
49,62
49,63
49,64
49,65
49,66
49,67
49,68
49,69
49,70
49,71
49,72
49,73
49,74
49,75
49,76
49,77
49,78
49,79
49,80
49,81
49,82
49,83
49,84
49,85
49,86
49,87
49,88
49,89
49,90
49,91
49,92
49,93
49,94
49,95
49,96
49,97
49,98
49,99
49,100
50,51
50,52
50,53
50,54
50,55
50,56
50,57
50,58
50,59
50,60
50,61
50,62
50,63
50,64
50,65
50,66
50,67
50,68
50,69
50,70
50,71
50,72
50,73
50,74
50,75
50,76
50,77
50,78
50,79
50,80
50,81
50,82
50,83
50,84
50,85
50,86
50,87
50,88
50,89
50,90
50,91
50,92
50,93
50,94
50,95
