39,81
39,82
39,83
39,84
39,85
39,86
39,87
39,88
39,89
39,90
39,91
39,92
39,93
39,94
39,95
39,96
39,97
39,98
39,99
39,100
40,41
40,42
40,43
40,44
40,45
40,46
40,47
40,48
40,49
40,50
40,51
40,52
40,53
40,54
40,55
40,56
40,57
40,58
40,59
40,60
40,61
40,62
40,63
40,64
40,65
40,66
40,67
40,68
40,69
40,70
40,71
40,72
40,73
40,74
40,75
40,76
40,77
40,78
40,79
40,80
40,81
40,82
40,83
40,84
40,85
40,86
40,87
40,88
40,89
40,90
40,91
40,92
40,93
40,94
40,95
40,96
40,97
40,98
40,99
40,100
41,42
41,43
41,44
41,45
41,46
41,47
41,48
41,49
41,50
41,51
41,52
41,53
41,54
41,55
41,56
41,57
41,58
41,59
41,60
41,61
41,62
41,63
41,64
41,65
41,66
41,67
41,68
41,69
41,70
41,71
41,72
41,73
41,74
41,75
41,76
41,77
41,78
41,79
41,80
41,81
41,82
41,83
41,84
41,85
41,86
41,87
41,88
41,89
41,90
41,91
41,92
41,93
41,94
41,95
41,96
41,97
41,98
41,99
41,100
42,43
42,44
42,45
42,46
42,47
42,48
42,49
42,50
42,51
42,52
42,53
42,54
42,55
42,56
42,57
42,58
42,59
42,60
42,61
42,62
42,63
42,64
42,65
42,66
42,67
42,68
42,69
42,70
42,71
42,72
42,73
42,74
42,75
42,76
42,77
42,78
42,79
42,80
42,81
42,82
42,83
42,84
42,85
42,86
42,87
42,88
42,89
42,90
42,91
42,92
42,93
42,94
42,95
42,96
42,97
42,98
42,99
42,100
43,44
43,45
43,46
43,47
43,48
43,49
43,50
43,51
43,52
43,53
43,54
43,55
43,56
43,57
43,58
43,59
43,60
43,61
43,62
43,63
43,64
43,65
43,66
43,67
43,68
43,69
43,70
43,71
43,72
43,73
43,74
43,75
43,76
43,77
43,78
43,79
43,80
43,81
43,82
43,83
43,84
43,85
43,86
43,87
43,88
43,89
43,90
43,91
43,92
43,93
43,94
43,95
43,96
43,97
43,98
43,99
43,100
44,45
44,46
44,47
44,48
44,49
44,50
44,51
44,52
44,53
44,54
44,55
44,56
44,57
44,58
44,59
44,60
44,61
44,62
44,63
44,64
44,65
44,66
44,67
44,68
44,69
44,70
44,71
44,72
44,73
44,74
44,75
44,76
44,77
44,78
44,79
44,80
44,81
44,82
44,83
44,84
44,85
44,86
44,87
44,88
44,89
44,90
44,91
44,92
44,93
44,94
44,95
44,96
44,97
44,98
44,99
44,100
