34,86
34,87
34,88
34,89
34,90
34,91
34,92
34,93
34,94
34,95
34,96
34,97
34,98
34,99
34,100
35,36
35,37
35,38
35,39
35,40
35,41
35,42
35,43
35,44
35,45
35,46
35,47
35,48
35,49
35,50
35,51
35,52
35,53
35,54
35,55
35,56
35,57
35,58
35,59
35,60
35,61
35,62
35,63
35,64
35,65
35,66
35,67
35,68
35,69
35,70
35,71
35,72
35,73
35,74
35,75
35,76
35,77
35,78
35,79
35,80
35,81
35,82
35,83
35,84
35,85
35,86
35,87
35,88
35,89
35,90
35,91
35,92
35,93
35,94
35,95
35,96
35,97
35,98
35,99
35,100
36,37
36,38
36,39
36,40
36,41
36,42
36,43
36,44
36,45
36,46
36,47
36,48
36,49
36,50
36,51
36,52
36,53
36,54
36,55
36,56
36,57
36,58
36,59
36,60
36,61
36,62
36,63
36,64
36,65
36,66
36,67
36,68
36,69
36,70
36,71
36,72
36,73
36,74
36,75
36,76
36,77
36,78
36,79
36,80
36,81
36,82
36,83
36,84
36,85
36,86
36,87
36,88
36,89
36,90
36,91
36,92
36,93
36,94
36,95
36,96
36,97
36,98
36,99
36,100
37,38
37,39
37,40
37,41
37,42
37,43
37,44
37,45
37,46
37,47
37,48
37,49
37,50
37,51
37,52
37,53
37,54
37,55
37,56
37,57
37,58
37,59
37,60
37,61
37,62
37,63
37,64
37,65
37,66
37,67
37,68
37,69
37,70
37,71
37,72
37,73
37,74
37,75
37,76
37,77
37,78
37,79
37,80
37,81
37,82
37,83
37,84
37,85
37,86
37,87
37,88
37,89
37,90
37,91
37,92
37,93
37,94
37,95
37,96
37,97
37,98
37,99
37,100
38,39
38,40
38,41
38,42
38,43
38,44
38,45
38,46
38,47
38,48
38,49
38,50
38,51
38,52
38,53
38,54
38,55
38,56
38,57
38,58
38,59
38,60
38,61
38,62
38,63
38,64
38,65
38,66
38,67
38,68
38,69
38,70
38,71
38,72
38,73
38,74
38,75
38,76
38,77
38,78
38,79
38,80
38,81
38,82
38,83
38,84
38,85
38,86
38,87
38,88
38,89
38,90
38,91
38,92
38,93
38,94
38,95
38,96
38,97
38,98
38,99
38,100
39,40
39,41
39,42
39,43
39,44
39,45
39,46
39,47
39,48
39,49
39,50
39,51
39,52
39,53
39,54
39,55
39,56
39,57
39,58
39,59
39,60
39,61
39,62
39,63
39,64
39,65
39,66
39,67
39,68
39,69
39,70
39,71
39,72
39,73
39,74
39,75
39,76
39,77
39,78
39,79
39,80
