57,84
57,85
57,86
57,87
57,88
57,89
57,90
57,91
57,92
57,93
57,94
57,95
57,96
57,97
57,98
57,99
57,100
58,59
58,60
58,61
58,62
58,63
58,64
58,65
58,66
58,67
58,68
58,69
58,70
58,71
58,72
58,73
58,74
58,75
58,76
58,77
58,78
58,79
58,80
58,81
58,82
58,83
58,84
58,85
58,86
58,87
58,88
58,89
58,90
58,91
58,92
58,93
58,94
58,95
58,96
58,97
58,98
58,99
58,100
59,60
59,61
59,62
59,63
59,64
59,65
59,66
59,67
59,68
59,69
59,70
59,71
59,72
59,73
59,74
59,75
59,76
59,77
59,78
59,79
59,80
59,81
59,82
59,83
59,84
59,85
59,86
59,87
59,88
59,89
59,90
59,91
59,92
59,93
59,94
59,95
59,96
59,97
59,98
59,99
59,100
60,61
60,62
60,63
60,64
60,65
60,66
60,67
60,68
60,69
60,70
60,71
60,72
60,73
60,74
60,75
60,76
60,77
60,78
60,79
60,80
60,81
60,82
60,83
60,84
60,85
60,86
60,87
60,88
60,89
60,90
60,91
60,92
60,93
60,94
60,95
60,96
60,97
60,98
60,99
60,100
61,62
61,63
61,64
61,65
61,66
61,67
61,68
61,69
61,70
61,71
61,72
61,73
61,74
61,75
61,76
61,77
61,78
61,79
61,80
61,81
61,82
61,83
61,84
61,85
61,86
61,87
61,88
61,89
61,90
61,91
61,92
61,93
61,94
61,95
61,96
61,97
61,98
61,99
61,100
62,63
62,64
62,65
62,66
62,67
62,68
62,69
62,70
62,71
62,72
62,73
62,74
62,75
62,76
62,77
62,78
62,79
62,80
62,81
62,82
62,83
62,84
62,85
62,86
62,87
62,88
62,89
62,90
62,91
62,92
62,93
62,94
62,95
62,96
62,97
62,98
62,99
62,100
63,64
63,65
63,66
63,67
63,68
63,69
63,70
63,71
63,72
63,73
63,74
63,75
63,76
63,77
63,78
63,79
63,80
63,81
63,82
63,83
63,84
63,85
63,86
63,87
63,88
63,89
63,90
63,91
63,92
63,93
63,94
63,95
63,96
63,97
63,98
63,99
63,100
64,65
64,66
64,67
64,68
64,69
64,70
64,71
64,72
64,73
64,74
64,75
64,76
64,77
64,78
64,79
64,80
64,81
64,82
64,83
64,84
64,85
64,86
64,87
64,88
64,89
64,90
64,91
64,92
64,93
64,94
64,95
64,96
64,97
64,98
64,99
64,100
65,66
65,67
65,68
65,69
65,70
65,71
65,72
65,73
65,74
65,75
65,76
65,77
65,78
65,79
65,80
65,81
65,82
65,83
65,84
65,85
