30,46
30,47
30,48
30,49
30,50
30,51
30,52
30,53
30,54
30,55
30,56
30,57
30,58
30,59
30,60
30,61
30,62
30,63
30,64
30,65
30,66
30,67
30,68
30,69
30,70
30,71
30,72
30,73
30,74
30,75
30,76
30,77
30,78
30,79
30,80
30,81
30,82
30,83
30,84
30,85
30,86
30,87
30,88
30,89
30,90
30,91
30,92
30,93
30,94
30,95
30,96
30,97
30,98
30,99
30,100
31,32
31,33
31,34
31,35
31,36
31,37
31,38
31,39
31,40
31,41
31,42
31,43
31,44
31,45
31,46
31,47
31,48
31,49
31,50
31,51
31,52
31,53
31,54
31,55
31,56
31,57
31,58
31,59
31,60
31,61
31,62
31,63
31,64
31,65
31,66
31,67
31,68
31,69
31,70
31,71
31,72
31,73
31,74
31,75
31,76
31,77
31,78
31,79
31,80
31,81
31,82
31,83
31,84
31,85
31,86
31,87
31,88
31,89
31,90
31,91
31,92
31,93
31,94
31,95
31,96
31,97
31,98
31,99
31,100
32,33
32,34
32,35
32,36
32,37
32,38
32,39
32,40
32,41
32,42
32,43
32,44
32,45
32,46
32,47
32,48
32,49
32,50
32,51
32,52
32,53
32,54
32,55
32,56
32,57
32,58
32,59
32,60
32,61
32,62
32,63
32,64
32,65
32,66
32,67
32,68
32,69
32,70
32,71
32,72
32,73
32,74
32,75
32,76
32,77
32,78
32,79
32,80
32,81
32,82
32,83
32,84
32,85
32,86
32,87
32,88
32,89
32,90
32,91
32,92
32,93
32,94
32,95
32,96
32,97
32,98
32,99
32,100
33,34
33,35
33,36
33,37
33,38
33,39
33,40
33,41
33,42
33,43
33,44
33,45
33,46
33,47
33,48
33,49
33,50
33,51
33,52
33,53
33,54
33,55
33,56
33,57
33,58
33,59
33,60
33,61
33,62
33,63
33,64
33,65
33,66
33,67
33,68
33,69
33,70
33,71
33,72
33,73
33,74
33,75
33,76
33,77
33,78
33,79
33,80
33,81
33,82
33,83
33,84
33,85
33,86
33,87
33,88
33,89
33,90
33,91
33,92
33,93
33,94
33,95
33,96
33,97
33,98
33,99
33,100
34,35
34,36
34,37
34,38
34,39
34,40
34,41
34,42
34,43
34,44
34,45
34,46
34,47
34,48
34,49
34,50
34,51
34,52
34,53
34,54
34,55
34,56
34,57
34,58
34,59
34,60
34,61
34,62
34,63
34,64
34,65
34,66
34,67
34,68
34,69
34,70
34,71
34,72
34,73
34,74
34,75
34,76
34,77
34,78
34,79
34,80
34,81
34,82
34,83
34,84
34,85
