-0.11965723487011287	-0.07548602197697825	-0.11347984203297634	-0.1299522632216555	-0.13769653213501323	-0.13377326919953483	-0.1170488826712996	-0.09235962565178493	-0.05968108186669908	-0.025526101562507036	-0.09413791138854234	0.010907468490350063	0.08270837974434739	0.1064731895817623	0.10688125989879661	0.06295688465579383	0.015647220869113694	-0.02898390936759928
-1.1916969451612234	-0.10142322540483845	-0.3777271957972337	-0.5220751970351087	-0.6057955219355714	-0.619569145046382	-0.547795058247421	-0.43495132435764317	-0.28489038615055656	-0.1224154481639396	-0.9220899583099963	0.12196744281069882	0.8469325254306278	1.1477448759277877	1.222862294588431	0.9240632165079027	0.5730042386939371	0.24708087216157265
-1.0707261783167368	0.1616327818988078	-0.005482377424005004	-0.09678097432549085	-0.15108687494422496	-0.17310475601090228	-0.1485929497892761	-0.11433301008055015	-0.07702101414394265	-0.03139523313255404	-0.8324834555878186	0.050048400513060746	0.660057290248107	0.9340523347421814	1.0235395357964436	0.8345483699643286	0.5966587580115523	0.384835496878473
-0.5910470851451439	0.43935364791737297	0.43754526469212585	0.4252520938906846	0.4133175777578346	0.38312998104901	0.34372375816639167	0.2777266023786661	0.17746930296732313	0.07881368168476786	-0.4572372460372917	-0.010195533941216101	0.2968846122273225	0.463544683862855	0.544754853764682	0.5328908163156612	0.48864387950516214	0.46317123341211097
-0.04308195311034666	0.6912959628409339	0.8548338982686061	0.9211373957784246	0.950945486342951	0.9133799008474397	0.8115679026352218	0.6493170669046859	0.41874043891644414	0.1829405448785922	-0.026635495180942066	-0.05848392426387146	-0.08358363702075397	-0.03931982993379949	0.026904444114760295	0.19481342691394882	0.34939805273253605	0.5134782905886983
0.39785038811151174	0.8405463980144664	1.1220813609940314	1.2449580982361887	1.3049823621622882	1.263970269049843	1.1201651519093512	0.8938867000725508	0.5777083751843058	0.2513246915074524	0.3199474972203827	-0.0890491040627273	-0.3753582614003031	-0.43135849250051767	-0.38197568877845983	-0.08452388906593071	0.21561061348452612	0.51707916834515
0.7359356983139547	0.8826710018266636	1.232535574070644	1.3885372352016985	1.4662754444531692	1.42560516237673	1.2609186333318285	1.0043588524662626	0.6497536472158223	0.2818896448423943	0.5864476744054276	-0.09764400672208225	-0.5737546630531797	-0.7081942737747596	-0.6780799248827882	-0.30317299595908026	0.08737732909818732	0.4720258522193446
0.844121368319096	0.7942086696850297	1.1394109842649491	1.2947850846678282	1.3728425101230475	1.337491480149726	1.1815581496669778	0.9401018372504151	0.6085127015539297	0.26356587707510865	0.671129165063777	-0.08897576018540261	-0.6169404592683333	-0.7808774125849087	-0.7661807116999203	-0.39356910384308635	0.00037883421728584577	0.384830269856315
0.6306095998456742	0.5423582890361863	0.787253148979927	0.8979011958539663	0.9536771751446896	0.9299315022292493	0.8211275839620865	0.6530406414222855	0.42280043131654305	0.18300849685703705	0.5009831215965136	-0.06129403876063785	-0.4516092112185233	-0.5764057658779226	-0.5700707225244825	-0.30503546949213245	-0.023254741054295515	0.2508000442608173
0.38644121250316493	0.27263591120305325	0.4067669345238661	0.4677208425832087	0.4985686667501332	0.4869850680018675	0.42939745095986953	0.3410656719511968	0.22091995454364052	0.09545258180945977	0.3068003431412937	-0.03004891595068342	-0.2635256804251155	-0.3423914893533931	-0.3439064747900224	-0.19768180536658003	-0.04033905035560531	0.11151312386453423
0.39847707094221807	0.01831768260879134	0.06886223651890898	0.08998867505127876	0.09902659930152807	0.09687055645020913	0.07977846002437675	0.05970475507575756	0.03882724989916367	0.01552349073706762	0.322850441113269	0.04244053076343598	-0.14937186162886879	-0.23340292387849254	-0.25835171128068707	-0.19475139070358088	-0.11804378732358549	-0.04992054826286258
1.9193226584545162	0.15912070754355656	0.4185211003612025	0.5241548804066262	0.5673760801193782	0.5508079979322821	0.4565829767340633	0.3437355484768549	0.22267742014302266	0.08958963294306727	1.551660302565732	0.18233049853236322	-0.7514684330231746	-1.1501947287531866	-1.260752814354639	-0.9300221970146518	-0.5377059408036016	-0.18909187150169074
2.4872252520946985	0.10129423790583095	0.3874966780089738	0.49702737650147	0.5359486823830496	0.5147914201413986	0.41092788531902147	0.29855818845671345	0.19296757293260106	0.07368570122837335	2.0177230827298436	0.29196494356992364	-0.8812302782020899	-1.3916750418677444	-1.5427455855628407	-1.1593777642303373	-0.6974132806549127	-0.29420355585279784
2.0012186849588978	-0.097449509211451	0.041372552557776575	0.07889059298995978	0.07838812644770948	0.06088966047652972	0.009360486841377823	-0.02100654682427403	-0.014816723675031339	-0.016161496592188573	1.6382835429392546	0.3456636863648746	-0.5263777118876641	-0.9237674765890773	-1.0587205909790915	-0.8336215173499167	-0.5480918473699254	-0.31307320974009034
1.4487636952499345	-0.23972455929756273	-0.23066455550598602	-0.25473668069582245	-0.28761812946614235	-0.30176577548653055	-0.3082061945337847	-0.2715947930369618	-0.17775431701857064	-0.08586497643874001	1.201881213130322	0.3653449891760452	-0.19160936980178214	-0.46440958030064877	-0.5745171955003147	-0.49447270288395795	-0.373944159567485	-0.2930952800946664
0.40817576572159014	-0.33830826708397893	-0.49920760228626476	-0.599682897148726	-0.6694374482336	-0.6793849174842561	-0.6298665924698003	-0.5194799724502984	-0.3389982201547772	-0.15272550525082504	0.3702214088459373	0.3224074987018104	0.30619633342906666	0.2611125398884776	0.21120253648013151	0.08713111740047187	-0.032856322738720634	-0.16926829917792377
-0.5404804632819289	-0.39470678020109545	-0.6946253993450089	-0.8561014215426331	-0.9541109157433426	-0.9603942084686988	-0.8657241335319311	-0.6988768936570382	-0.4556899536173965	-0.20025402564750577	-0.3903199596041887	0.26493559565849933	0.729727428598012	0.890306423801416	0.8978580092497763	0.6023533166259867	0.2781280577790699	-0.04074200854831924
-1.0436720254556624	-0.3181785774362662	-0.6547975099841786	-0.8304857400892525	-0.9332412991962639	-0.9410271462239417	-0.839558624103561	-0.6720886900223806	-0.4385707844735829	-0.19069834372188907	-0.7964286185414565	0.20357861012313308	0.9024871464551396	1.17237708993263	1.2194894460443717	0.8688118865276552	0.47154775284781236	0.0927206852766446
