21.603897947645088	-5.140708299705853	-29.130112695528126	15.103644497744394	-16.088150415259744	-3.801337157209969	-3.9159844181305603	0.37662320375087405	13.38413227298796	-15.508230971258762
-8.736834815062368	3.9974233333786056	12.819815432747335	-7.948783274109137	6.6398126183510975	2.118264576010247	3.0492467381697783	-0.8621427541051735	-1.0684703843746703	3.1622588337694633
18.786093603178998	-3.101357837682201	-21.01758953575129	9.001024634046043	-18.065546465008595	-5.002331672342626	5.048602568405526	-6.334725870381442	33.91703294162372	-40.15723166941953
-22.74377270139225	5.8498080769713	35.55260390181762	-17.285314295385625	10.909554713809944	3.3560436165621477	3.4215851071068544	-2.580722981350541	-8.298199338942226	1.443815219297121
10.559811115331922	-3.508319589820617	-15.713665622974165	10.558724542703342	-6.124901466682724	0.13982809218776632	-10.76599073355695	7.34225727456407	-13.649959639381565	14.632522305306289
8.529323771411104	-3.9228311180985895	-12.593730732993007	8.021907748711286	0.24406942317973696	-1.7957713065465153	-8.059674065710897	3.278258930029118	-17.991646771991505	20.921089808848684
11.840071170278142	-4.8209822368782556	-17.511345841361607	11.224297050593586	-9.852948467578818	-1.698551924894062	-2.8275593150943643	2.4724767409525716	6.213871373773159	-7.546770663912848
10.335836119783973	-5.677161416332684	-15.087081732148249	8.912666732947839	-2.2161319123680028	-4.511358238235149	0.6918403495231532	-3.1528083209498323	1.4403227994812773	-0.44745705548895226
-0.8753697074363608	-1.3930979239394576	1.1530640891880317	0.4721435215539245	-2.338068022199233	-0.9391725329475578	7.575914785527581	-3.4429704079991557	17.09148089102155	-19.05324155307954
-8.31154793056728	2.748717583990697	12.14884067200975	-6.477870927172913	2.579007358410601	1.1796580647083148	7.9850180631761996	-3.842972375703612	13.36812277151521	-15.04459005821549
