1.9625089020396285	-0.059415257299669885	0.15000476579756572	0.10470277733605668	-0.03020197128594097	-0.1921654236543892	-0.31164499857741246	-0.3216411207082554	-0.2724894224015481	-0.15186114731461092	-0.14964363893587732	-2.0231980547437396	-0.4589937014909675	0.537860656993419	0.47337043236205784	0.03500864195170393	-0.2854860285696363	-0.3160596556095669
-1.7670204325229812	0.15916092465274215	-1.1172341958624352	-1.4866316254363654	-1.486214105619719	-1.1733573399643442	-0.8055319298559311	-0.4359935620103612	-0.12306092323637859	0.026388121099801667	1.1288126834260654	2.1289300410807095	-0.9756808774075139	-1.527906005061135	-0.10779250267521173	1.5709037432037791	2.0419276654870906	1.5441213574910895
-5.3692003312001	0.6442080537247636	-1.372494349031217	-1.7248718758872152	-1.4428088725857549	-0.7306498503070155	-0.0409795512449867	0.365447394383005	0.5818567952292121	0.43062042534655687	2.3628634469060414	6.498806694818719	-1.1802096208426347	-3.84377111830587	-1.655428543967089	1.7162449190037543	3.260231654602348	2.8604878688807776
-4.4464056596897334	0.8797558015352783	-0.4759530869871275	-0.6568459316852374	-0.4091975647689831	0.10196843191219877	0.5637180295696292	0.7202908479728859	0.7233332289033043	0.4469314832652325	1.7928341292586532	5.361427914284572	-0.7410006948797684	-3.0668731896062194	-1.5430449760518004	1.0527490063495657	2.4427809669402922	2.3597152077275996
-1.9485308733076356	0.9922143159969795	0.757411974112173	0.7936872908813608	0.8980010373163253	1.0082711193450848	1.061969162018042	0.8852850870532817	0.6497110429383675	0.3217179629546476	0.6204104768749098	2.322788248797562	-0.10185169447298982	-1.2361786977915155	-0.8502411469263677	0.13102919120640472	0.933267830858326	1.222117747451529
0.874142605075973	0.9572951985793939	1.7834117301731227	1.9895973844455341	1.917145841301969	1.6190148697098887	1.2763233177709834	0.8284899709300688	0.4273104531111282	0.12880776302910407	-0.5896534571619557	-1.1032879311816663	0.4402744254823011	0.7378230948776636	0.04406959170326009	-0.6458726974599768	-0.5577243769331595	0.0032691254742015347
3.2946485109064563	0.8591141014142264	2.540430012162609	2.870859883570779	2.6418940703803893	2.0054695922973265	1.3410753658347607	0.6945664203215006	0.18535550080831273	-0.05699533838682022	-1.619562492431457	-4.059023719205862	0.8776026145793144	2.4375757051112563	0.8633561446939351	-1.2383104647791603	-1.7936239590064047	-1.0481481197851863
3.9694711104992573	0.6331653338080598	2.4369797546474494	2.7669505574971103	2.498506090253953	1.8068210769209332	1.1023113514634408	0.4792638180832307	0.015280536219284232	-0.14676073846750207	-1.8380699271186545	-4.856951920570059	0.9201780818199661	2.857420315158025	1.1299637742950979	-1.3082119749369776	-2.099097469848412	-1.404480375802484
3.848375590652091	0.39082918300576563	2.0061099520720287	2.2818627566828344	2.021579569744968	1.3918870855393857	0.7631470684330155	0.25023913685569515	-0.11111705070093918	-0.19037516727040218	-1.7293534526247931	-4.710030513955055	0.8113780309062055	2.7392906897391858	1.1692003508199593	-1.1394527623384831	-1.9807593496241482	-1.42933592558229
2.3230510256011536	0.16194505709257417	1.073978719795834	1.2208485977818537	1.0643148791361663	0.7028753881590475	0.34733666700260246	0.07367295718237128	-0.1101961841683414	-0.13002998249391573	-0.9953113119967522	-2.8246579193387458	0.42779654125308175	1.603587590915201	0.7164515013232359	-0.6290204506550554	-1.151597438102557	-0.8652085888828498
12.031736414631942	-0.08507121329008484	1.9727165004924205	1.9516024227102422	1.1567468060127244	-0.011346458128997138	-0.9795750179107319	-1.3569623382362999	-1.3574910712171282	-0.8381183482935446	-1.6715074739987392	-12.650454647518831	-1.7245290127764668	4.23361140345768	2.9043891029970226	-0.6677815470143376	-2.7231666637223633	-2.4994043207109446
9.342483591054213	0.15743047863490148	0.837011623745811	0.7111341726887233	0.2825968372221962	-0.2538441941441746	-0.6462896872347328	-0.7588072765727645	-0.6694157983740954	-0.3755119165278299	1.485918796484338	-7.310906499666471	-3.356120868818365	0.14130368235438084	0.48234964510243244	-0.28842336718866796	-0.8666246406405383	-0.7330289069501998
-6.471163782554961	0.16371177368005108	-2.0511935676211346	-2.092169571764138	-1.3319463911000378	-0.16671802291145132	0.8490706126599025	1.269974146516143	1.3470982227867765	0.8710619656884905	4.914896373460267	10.792264624372194	-1.43229413985757	-6.53258643417366	-4.2103618677781265	0.27764979026456393	2.7720605873038555	2.6684782649765406
-7.89432124156003	-0.2220826021849444	-1.57261180045517	-1.3486830713350497	-0.5542316697796438	0.4413956234663287	1.2290095878836351	1.4513972343267205	1.3434231133752998	0.8043875763808912	2.876378280224897	10.840702049931004	1.2416294675460702	-4.08489704807007	-3.301324585959346	-0.4928585392553997	1.3430786057540776	1.4039051311073993
-1.3991659715538685	-0.6733049756792577	-0.011736243406250953	0.3455593440608492	0.578851652825884	0.6293595537223844	0.5787494155201666	0.44460561014097844	0.2568948585564258	0.10186328106684008	-0.4641227715313262	2.072093336451335	2.5000523237400136	1.229197910144069	-0.1397789833390038	-1.2419688783444915	-1.5116257017207073	-1.2996656764244674
5.440852649397945	-0.9251226392241759	1.18240765658976	1.4806244909994508	1.1098151532981884	0.3127401074178138	-0.43649763490602406	-0.7786002874364417	-0.9030778707922489	-0.5986229231001119	-2.9522221515878004	-6.667542910358516	2.4599072699703934	5.410886335870678	2.770452753569929	-1.3246687681189215	-3.406919193915929	-3.218205576119562
6.470027036456563	-0.7283550572646559	0.9050163064832347	0.9401930531522829	0.4035881900530842	-0.4188007498827509	-1.1153141075519575	-1.2978292788326184	-1.2243417100223049	-0.7338950144210921	-2.6660176612661823	-7.959289536675393	1.1797266274130092	5.014059266133423	3.1763678852843427	-0.37908032303200273	-2.4769294697074544	-2.5517641057645144
3.70056170400948	-0.35993295668292824	-0.01122623454788451	-0.22420859105401345	-0.6118022450187055	-1.004729386351165	-1.2706500174890498	-1.1760558143159636	-0.9319295195267809	-0.49712540826754587	-1.1043486044873911	-4.547834696726484	-0.07631977007658004	2.3905745839002726	2.074348177833458	0.696881729383207	-0.4411177734192138	-0.7833437194832088
