1.9188919610625597	-0.03785211830118729	-0.3293509182287523	-0.3542048189320787	-0.03475527137820998	-0.161650242712512	-0.3970595092193437	-0.17561014719329934	0.09534856502192152	0.24075205208982628	-0.653521589820603	-1.8126902703281467	0.5362964113886728	0.05896158083120397	-0.2672384808645804	0.04890213161809738	0.38910134299622773	0.1812319627312841
-2.0475698809991894	0.09060083641751933	-0.1254126037026051	-0.5499278984288144	-0.9667824923316716	-1.2519238650088331	-0.6639419006136609	-1.8023099917980112	-1.7576734068938564	-1.3859532295721544	2.172558338761446	1.4217941161253111	-2.645306840988455	0.023119270168098005	1.8330244279567922	1.3581475294124732	0.23746090561738684	0.8845972699394434
-6.770636988271737	0.9574109986899693	1.518438183089562	0.6379692223694101	-2.173981133379035	-1.7509761448032415	-0.8171515460030264	-1.0313890009311324	-1.6514584680565194	-1.6638037226752458	4.196747375934741	6.8313880241943075	-5.04886771383469	-0.8951968227988736	2.0093791073855094	1.2776550052089495	0.07709474614894604	0.41433859839311143
-7.315646964094607	1.3206749572742011	2.180462083539079	1.3415668711809403	-1.9582602778425717	-1.2250628930973355	-0.432785516289632	0.03266176079718832	-0.8351738045282233	-1.1482124060982017	3.9181471955912954	7.8133852349136355	-4.690485214354913	-1.1693164860313847	1.389329818700522	0.8460007600560373	0.09830074091523988	0.10438314410476723
-5.129192358503842	1.300681235315102	2.0461030234783855	1.5570640841267518	-0.8276764134640257	-0.12825759556029176	0.27854146763741006	1.0177413467588938	0.2184622001568816	-0.2726569195926836	2.3219028825425596	5.784900969144786	-2.748188671333956	-1.0605909847562054	0.40469072101030173	0.35669245985314274	0.28808858870604553	0.08121781447794392
-1.2165418152979974	1.089214756170005	1.5276731690370025	1.4720805336952902	0.4794200317446715	0.9789822086453802	0.777067961601345	1.8314631922517886	1.340069834683429	0.7957650562321427	-0.1463605752743753	1.8458506577608917	0.046180007489155024	-0.5275839847840367	-0.6450647147436098	-0.1626807655251637	0.588900519664974	0.06044981115981206
2.8894849074904627	0.7898841105260758	0.801672150361931	1.1327640781926163	1.6033642293775845	1.8441373780165702	1.056711847644727	2.35892342553288	2.2682712003498087	1.7662806515578886	-2.5537298219237745	-2.2891903663078397	2.7752531252524877	-0.01099992779789539	-1.6361893193890793	-0.5834411035904931	0.9563289925435656	0.125036992646104
5.154884962868501	0.35509476541000445	0.12142440817921854	0.7466719207461324	2.3807288701979834	2.3047331048152633	1.3377883304970961	2.1668291172938523	2.325265421860563	1.9396603746956729	-3.531020422924022	-4.897610144142578	3.932822443494775	0.46049688420718005	-1.77569335827939	-0.7104427059906613	0.8313030335881267	0.1947613116993932
4.246724550939867	0.09995602808268154	-0.1436351129665769	0.40456679774807597	1.9764381556999684	1.8114428962215592	1.10298901482783	1.4548435376509083	1.6306568459378024	1.3905065512564683	-2.73787142385177	-4.202722011509976	3.1000897527082185	0.45576267763909123	-1.2715395093463406	-0.5228169022843504	0.5242510336935554	0.18927318971285315
3.1104240313064477	-0.11278454347451994	-0.3472401032332909	0.07097407204941253	1.4075394615896386	1.1916810167068341	0.7561670308263249	0.7209252132482988	0.9027920466796504	0.8117325652722349	-1.828787736004687	-3.223209428024509	2.1163803049233447	0.4018968809385646	-0.7448362859810697	-0.31741258665290517	0.24082983013209333	0.16139998924831098
15.475614469946114	-0.5692899274004439	-2.714886438346244	-2.1149699298106017	2.2945678663135594	1.1350416718660068	-0.6332208296948613	-0.07401607294359511	1.7024184047112556	2.396955609885917	-5.76900969028654	-14.76499768229131	5.909281603283149	0.41479076170550006	-2.8614232795878367	-0.19996176768450866	2.4371515090396123	1.5651289500970456
15.797313743798396	-0.5601991613020574	-2.7242556673890967	-2.157912254275937	2.524440343171485	1.2318699859374729	0.003552495224160154	-0.65286675805606	0.9217106658394363	1.6271934580550855	-2.30521529778017	-13.360486511806156	2.846448113678795	-1.4977116950341618	-3.2705760015077647	-0.21106535925830458	2.0539503776883516	2.1528613060815323
-7.341098446102594	0.5770497154860093	1.7472826098248637	1.161058228529007	-1.7020289029514626	-0.9354061739535658	0.4795074270783705	-0.22574904520177352	-1.4026061637135363	-1.8129603842005344	7.634990801091621	10.534595004133996	-6.889366963094869	-3.1913373951590223	0.15682206446994829	-0.33092334974709686	-1.5120411718293016	-0.43461276843617885
-11.622637224670967	0.7417223600527167	2.748413309141607	2.0312156459175776	-2.8099720156488392	-1.3304209765896011	-0.12739350051107787	0.9736132786083019	-0.5651935402495933	-1.3127863984100778	5.855281370649216	14.157428283600677	-4.825318351803689	-1.5343296777762407	0.6596718419303982	-0.9035865662943524	-2.035108388064598	-2.0582947438816723
-2.280617132807756	-0.2785220201704473	0.46893542345267586	0.6230493314612399	-0.3763277055098279	0.16662496765420276	0.07102007646763196	1.155482070484603	0.8115739397748856	0.4672036180871979	-0.49503556525984993	3.3375388872703264	2.0365242990331534	0.8919860471661787	-0.3543069201111357	-1.1402584260527833	-1.0713590072605121	-1.627273871594086
6.545846519062094	-1.2688289595734383	-2.1207274387062247	-1.3344432459916007	1.8589168464176613	1.051705113009421	0.3145271155905098	-0.32078534327584457	0.5478544560817173	0.9186679729877696	-3.9459233363473856	-7.141566173308824	5.318036124243366	2.152120157412928	-0.4208212683484262	-0.3300250585333022	0.022956367232755372	0.025424155119961732
8.24754431167431	-1.5072701719484758	-2.9556836323760165	-2.175672045600907	2.1783319013181925	0.7899897313261757	0.22463316919033613	-1.7155649995876616	-0.49384562296818885	0.268521398546294	-3.5504653774664243	-9.719950586758753	4.3757555348541155	2.165050233766984	0.3623380871388041	0.5820624777469833	0.42464310304168124	1.0874266149343854
4.693309338078139	-0.9110143173440228	-2.0778154177700108	-1.8163297962695575	0.8765353153659691	-0.19155142732225575	-0.299815424092908	-2.070501233878541	-1.1846216299002472	-0.46228467050459765	-1.3373245502353361	-5.957273918317505	1.5364711604144023	1.2867043799862683	1.0257078267712674	1.113031531882605	0.5778477364020551	1.2793311546611865
