0.29620813001652374	-0.3365885209993256	-0.3572580451141751	-0.3609254651213001	-0.34347425169707146	-0.30880122494117346	-0.24749745247130553	-0.19698697861226142	-0.1229745902808306	-0.04884035808077136	0.2717679517571303	0.1997754876592825	0.095326656781084	0.015500542921735838	-0.08640023243395016	-0.17162594399504522	-0.2451902113073358	-0.28991890019563465
0.028744436790678212	0.3602723072116984	0.3620293844501352	0.35053151329168275	0.32170302073287516	0.2818930913187444	0.22163277164698933	0.17420912058157695	0.10862065729121319	0.043785150956970206	0.04273264663839379	0.08806449030624959	0.14766399603556563	0.18988952675684306	0.24528506561072416	0.28822544058712435	0.325872991062778	0.3472158617899784
0.01157345935925015	0.3835469833317549	0.3865382928947271	0.3751463202948656	0.3450139047602299	0.30278054992174164	0.23833245169115871	0.18747966031344457	0.11690387478387354	0.04708108033701919	0.02713511705855782	0.07714132831318936	0.14346346786796402	0.19079501010281713	0.2527228473373302	0.3010941081397257	0.3434350159277721	0.3676167299443113
-0.002453254670057253	0.38834390074617275	0.39220730092902206	0.3813049355703623	0.3512116049231986	0.3085605848478023	0.24308690807639471	0.1913259535007484	0.11930883607730357	0.04801792451951786	0.013801851439424624	0.0657336926411793	0.13502452907722592	0.1847191840330614	0.2496212750055921	0.30057621450691246	0.34513075268481436	0.3707022878073043
-0.01337995888876918	0.37023819932413476	0.374571781003486	0.36467017566867566	0.33630394589625845	0.29572755735393647	0.2331354022691021	0.18357564850412628	0.11448091901531524	0.046050331851602413	0.002505924194611328	0.05302956184041358	0.12075654575514383	0.16951420918102034	0.23310421128134085	0.28322511456011956	0.3270144745426881	0.3522409823789677
-0.018848708465511326	0.3332778260845006	0.3375795649443331	0.32896991940018905	0.3036351672531056	0.2671625380703245	0.2107134579060003	0.16597050789157666	0.10350516924638203	0.041620289727118766	-0.004309180589477775	0.04179505244404686	0.10378809647488021	0.14852876996646733	0.20682687790374055	0.25289436239354507	0.2931209065644844	0.31635119748170865
-0.019103279510807845	0.26735778086412143	0.2710432419063189	0.2643141639296603	0.24410734586704486	0.2148798148040163	0.1695342715625611	0.13356467953311135	0.08329754765790524	0.03348588979812483	-0.007299381440311931	0.030051163416843052	0.08038361545117463	0.11677265365706337	0.16415800941397735	0.20166975748871144	0.23441306109905177	0.2533541581790663
-0.01724239208667354	0.2129179534742161	0.21597247744434744	0.21070408183957967	0.19467136030582213	0.1714110123970622	0.1352673701497239	0.10658299930178161	0.06647135847000944	0.026717264090081985	-0.007770605603591041	0.022160714650027467	0.0625506672675046	0.0917836889110341	0.12983530187149786	0.15999214246701352	0.1863093145676896	0.20154927772758063
-0.010888836009084187	0.13292752741151406	0.13484182162116495	0.13155823049163337	0.12155243267577652	0.10703165481874437	0.08446477153439069	0.06655435012764034	0.04150722066731301	0.01668299500894179	-0.0049711019414027625	0.013726815174615506	0.03896154837809086	0.05722763497092022	0.08100304171220968	0.09984769964127757	0.11629261941787106	0.1258166607644004
-0.0037243650482315497	0.05275677205590638	0.05348134786396384	0.052151505696703175	0.04816283806377025	0.042395119297777596	0.033447942999318775	0.026351058120057138	0.01643380406371067	0.006606542610173612	-0.0013967349266432126	0.005969368228174486	0.015894468449154067	0.023069338225534225	0.032412705196292385	0.039808453082297135	0.04626420066106938	0.04999831122211256
0.286978641555618	-0.30974091046752433	-0.32960972924459797	-0.3336267747795108	-0.3179901072082652	-0.28619503276622965	-0.2295580464895225	-0.18279998762160624	-0.11412355566925932	-0.04529821917567666	0.26398113731349937	0.19641014278101923	0.09811925334519211	0.02286101489090858	-0.07314654110929279	-0.15358455350487046	-0.22299196179588684	-0.26525762647752177
0.26362910121810657	-0.23089016885001143	-0.24862863221559348	-0.25384010104001525	-0.2436429854313117	-0.22032968888738147	-0.17734072675575865	-0.14153125704902314	-0.08837827621148717	-0.034987316045130085	0.24473644225243327	0.1898064683949774	0.10903412958548263	0.046722044865576164	-0.03256048665221199	-0.09946175890631244	-0.15710707455086517	-0.19242719561872812
0.22401696238887484	-0.11614256830547735	-0.1304490720716011	-0.13714749326003994	-0.13470096572847	-0.12368684834472543	-0.10064644516632469	-0.08087809339473721	-0.05053767580345343	-0.01984404213787361	0.2112961487880495	0.17527882399940714	0.12085064227355573	0.07808243301185426	0.0240133319229461	-0.022402114097596057	-0.06226126595160165	-0.08704167788441868
0.1906524545008659	-0.02825769985023385	-0.039757466937365656	-0.04745978767205466	-0.050860608057141425	-0.04924279784989266	-0.041527814293452585	-0.034103418024364424	-0.02135435603335719	-0.008171547924342153	0.18276514143690706	0.16151056491937582	0.12771603541550802	0.10029457586101308	0.06600602690140712	0.03570308374895827	0.009825866109839074	-0.006650049068221055
0.14944982141999627	0.0838459844727251	0.07584653586828285	0.06680317315605985	0.0559038179852046	0.04552536092117367	0.0337126436450835	0.025417453995587744	0.015780900383037543	0.006684279718332168	0.14768025789894937	0.14513222749926835	0.13745272148382834	0.12943767461984163	0.12017016495086348	0.11023054484368999	0.10202714887727188	0.09604016856906837
0.11183752089465476	0.17779655178676487	0.1729121159867665	0.16288231868693553	0.1457891269875417	0.12538101281726083	0.09715500331957283	0.07562654063921159	0.04710782356752161	0.01921015878765624	0.11530352273426427	0.12871559946898936	0.14338745963127547	0.15202146356402224	0.16420164577218635	0.17175816863905696	0.17873286050136247	0.18177278518352494
0.07991349451623761	0.25885892768989266	0.2566310518305414	0.24572656277604613	0.22327369377826542	0.1942076734744995	0.15182814538656936	0.11889190913333302	0.07410213245417793	0.030004749779178736	0.0878782377526883	0.11501250693217355	0.14888976695554265	0.1718228314005212	0.20242644848914165	0.22500517735232933	0.24501300185134706	0.2558009559369051
0.05906403799469953	0.30823407661364494	0.30770703691646123	0.2963324172713631	0.2706561885490886	0.23632758668533269	0.185305382066353	0.14539368963214874	0.09063783149893506	0.03661423366878328	0.06981840523784903	0.1054397335344777	0.15122703079362726	0.18304519859909676	0.22508855507742484	0.2570134268909011	0.2851266482596238	0.30074170152183516
