68,143
68,144
68,145
68,146
68,147
68,148
68,149
68,150
68,151
68,152
68,153
68,154
68,155
68,156
68,157
68,158
68,159
68,160
68,161
68,162
68,163
68,164
68,165
68,166
68,167
68,168
68,169
68,170
68,171
68,172
68,173
68,174
68,175
68,176
68,177
68,178
68,179
68,180
68,181
68,182
68,183
68,184
68,185
68,186
68,187
68,188
68,189
68,190
68,191
68,192
68,193
68,194
68,195
68,196
68,197
68,198
68,199
68,200
69,70
69,71
69,72
69,73
69,74
69,75
69,76
69,77
69,78
69,79
69,80
69,81
69,82
69,83
69,84
69,85
69,86
69,87
69,88
69,89
69,90
69,91
69,92
69,93
69,94
69,95
69,96
69,97
69,98
69,99
69,100
69,101
69,102
69,103
69,104
69,105
69,106
69,107
69,108
69,109
69,110
69,111
69,112
69,113
69,114
69,115
69,116
69,117
69,118
69,119
69,120
69,121
69,122
69,123
69,124
69,125
69,126
69,127
69,128
69,129
69,130
69,131
69,132
69,133
69,134
69,135
69,136
69,137
69,138
69,139
69,140
69,141
69,142
69,143
69,144
69,145
69,146
69,147
69,148
69,149
69,150
69,151
69,152
69,153
69,154
69,155
69,156
69,157
69,158
69,159
69,160
69,161
69,162
69,163
69,164
69,165
69,166
69,167
69,168
69,169
69,170
69,171
69,172
69,173
69,174
69,175
69,176
69,177
69,178
69,179
69,180
69,181
69,182
69,183
69,184
69,185
69,186
69,187
69,188
69,189
69,190
69,191
69,192
69,193
69,194
69,195
69,196
69,197
69,198
69,199
69,200
70,71
70,72
70,73
70,74
70,75
70,76
70,77
70,78
70,79
70,80
70,81
70,82
70,83
70,84
70,85
70,86
70,87
70,88
70,89
70,90
70,91
70,92
70,93
70,94
70,95
70,96
70,97
70,98
70,99
70,100
70,101
70,102
70,103
70,104
70,105
70,106
70,107
70,108
70,109
70,110
70,111
70,112
70,113
70,114
70,115
70,116
70,117
70,118
70,119
70,120
70,121
70,122
70,123
70,124
70,125
70,126
70,127
70,128
70,129
70,130
70,131
70,132
70,133
70,134
70,135
70,136
70,137
70,138
70,139
70,140
70,141
70,142
70,143
70,144
70,145
70,146
70,147
70,148
70,149
70,150
70,151
70,152
70,153
70,154
70,155
70,156
70,157
70,158
70,159
70,160
70,161
70,162
70,163
70,164
70,165
70,166
70,167
70,168
70,169
70,170
70,171
70,172
70,173
70,174
70,175
70,176
70,177
70,178
70,179
70,180
70,181
70,182
70,183
70,184
70,185
70,186
70,187
70,188
70,189
70,190
70,191
70,192
70,193
70,194
70,195
70,196
70,197
70,198
70,199
70,200
71,72
71,73
71,74
71,75
71,76
71,77
71,78
71,79
71,80
71,81
71,82
71,83
71,84
71,85
71,86
71,87
71,88
71,89
71,90
71,91
71,92
71,93
71,94
71,95
71,96
71,97
71,98
71,99
71,100
71,101
71,102
71,103
71,104
71,105
71,106
71,107
71,108
71,109
71,110
71,111
71,112
71,113
71,114
71,115
71,116
71,117
71,118
71,119
71,120
71,121
71,122
71,123
71,124
71,125
71,126
71,127
71,128
71,129
71,130
71,131
71,132
71,133
71,134
71,135
71,136
71,137
71,138
71,139
71,140
71,141
71,142
71,143
71,144
71,145
71,146
71,147
71,148
71,149
71,150
71,151
71,152
71,153
71,154
71,155
71,156
71,157
71,158
71,159
71,160
71,161
71,162
71,163
71,164
71,165
71,166
71,167
71,168
71,169
71,170
71,171
71,172
71,173
71,174
71,175
71,176
71,177
71,178
71,179
71,180
71,181
71,182
71,183
71,184
71,185
71,186
71,187
71,188
71,189
71,190
71,191
71,192
71,193
71,194
71,195
71,196
71,197
71,198
71,199
71,200
72,73
72,74
72,75
72,76
72,77
72,78
72,79
72,80
72,81
72,82
72,83
72,84
72,85
72,86
72,87
72,88
72,89
72,90
72,91
72,92
72,93
72,94
72,95
72,96
72,97
72,98
72,99
72,100
72,101
72,102
72,103
72,104
72,105
72,106
72,107
72,108
72,109
72,110
72,111
72,112
72,113
72,114
72,115
72,116
72,117
72,118
72,119
72,120
72,121
72,122
72,123
72,124
72,125
72,126
72,127
72,128
72,129
72,130
72,131
72,132
72,133
72,134
72,135
72,136
72,137
72,138
72,139
72,140
72,141
72,142
72,143
72,144
72,145
72,146
72,147
72,148
72,149
72,150
72,151
72,152
72,153
72,154
72,155
72,156
72,157
72,158
72,159
72,160
72,161
72,162
72,163
72,164
72,165
72,166
72,167
72,168
72,169
72,170
72,171
72,172
72,173
72,174
72,175
72,176
72,177
72,178
72,179
72,180
72,181
72,182
72,183
72,184
72,185
72,186
72,187
72,188
72,189
72,190
72,191
72,192
72,193
72,194
72,195
72,196
72,197
72,198
72,199
72,200
73,74
73,75
73,76
73,77
73,78
73,79
73,80
73,81
73,82
73,83
73,84
73,85
73,86
73,87
73,88
73,89
73,90
73,91
73,92
73,93
73,94
73,95
73,96
73,97
73,98
73,99
73,100
73,101
73,102
73,103
73,104
73,105
73,106
73,107
73,108
73,109
73,110
73,111
73,112
73,113
73,114
73,115
73,116
73,117
73,118
73,119
73,120
73,121
73,122
73,123
73,124
73,125
73,126
73,127
73,128
73,129
73,130
73,131
73,132
73,133
73,134
73,135
73,136
73,137
73,138
73,139
73,140
73,141
73,142
73,143
73,144
73,145
73,146
73,147
73,148
73,149
73,150
73,151
73,152
73,153
73,154
73,155
73,156
73,157
73,158
73,159
73,160
73,161
73,162
73,163
73,164
73,165
73,166
73,167
73,168
73,169
73,170
73,171
73,172
73,173
73,174
73,175
73,176
73,177
73,178
73,179
73,180
73,181
73,182
73,183
73,184
73,185
73,186
73,187
73,188
73,189
73,190
73,191
73,192
73,193
73,194
73,195
73,196
73,197
73,198
73,199
73,200
74,75
74,76
74,77
74,78
74,79
74,80
74,81
74,82
74,83
74,84
74,85
74,86
74,87
74,88
74,89
74,90
74,91
74,92
74,93
74,94
74,95
74,96
74,97
74,98
74,99
74,100
74,101
74,102
74,103
74,104
74,105
74,106
74,107
74,108
74,109
74,110
74,111
74,112
74,113
74,114
74,115
74,116
74,117
74,118
74,119
74,120
74,121
74,122
74,123
74,124
74,125
74,126
74,127
74,128
74,129
74,130
74,131
74,132
74,133
74,134
74,135
74,136
74,137
74,138
74,139
74,140
74,141
74,142
74,143
74,144
74,145
74,146
74,147
74,148
74,149
74,150
74,151
74,152
74,153
74,154
74,155
74,156
74,157
74,158
74,159
74,160
74,161
74,162
74,163
74,164
74,165
74,166
74,167
74,168
74,169
74,170
74,171
74,172
74,173
74,174
74,175
74,176
74,177
74,178
74,179
74,180
74,181
74,182
74,183
74,184
74,185
74,186
74,187
74,188
74,189
74,190
74,191
74,192
74,193
74,194
74,195
74,196
74,197
74,198
74,199
74,200
75,76
75,77
75,78
75,79
75,80
75,81
75,82
75,83
75,84
75,85
75,86
75,87
75,88
75,89
75,90
75,91
75,92
75,93
75,94
75,95
75,96
75,97
75,98
75,99
75,100
75,101
75,102
75,103
75,104
75,105
75,106
75,107
75,108
75,109
75,110
75,111
75,112
75,113
75,114
75,115
75,116
75,117
75,118
75,119
75,120
75,121
75,122
75,123
75,124
75,125
75,126
75,127
75,128
75,129
75,130
75,131
75,132
75,133
75,134
75,135
75,136
75,137
75,138
75,139
75,140
75,141
75,142
75,143
75,144
75,145
75,146
75,147
75,148
75,149
75,150
75,151
75,152
75,153
75,154
75,155
75,156
75,157
75,158
75,159
75,160
75,161
75,162
75,163
75,164
75,165
75,166
75,167
75,168
75,169
75,170
75,171
75,172
75,173
75,174
75,175
75,176
75,177
75,178
75,179
75,180
75,181
75,182
75,183
75,184
75,185
75,186
75,187
75,188
75,189
75,190
75,191
75,192
75,193
75,194
75,195
75,196
75,197
75,198
75,199
75,200
76,77
76,78
76,79
76,80
76,81
76,82
76,83
76,84
76,85
76,86
76,87
76,88
76,89
76,90
76,91
76,92
76,93
76,94
76,95
76,96
76,97
76,98
76,99
76,100
76,101
76,102
76,103
76,104
76,105
76,106
76,107
76,108
76,109
76,110
76,111
76,112
76,113
76,114
76,115
76,116
76,117
76,118
76,119
76,120
76,121
76,122
76,123
76,124
76,125
76,126
76,127
76,128
76,129
76,130
76,131
76,132
76,133
76,134
76,135
76,136
76,137
76,138
76,139
76,140
76,141
76,142
76,143
76,144
76,145
76,146
76,147
76,148
76,149
76,150
76,151
76,152
76,153
76,154
76,155
76,156
76,157
76,158
76,159
76,160
76,161
76,162
76,163
76,164
76,165
76,166
76,167
76,168
76,169
76,170
76,171
76,172
76,173
76,174
76,175
76,176
76,177
76,178
76,179
76,180
76,181
76,182
76,183
76,184
76,185
76,186
76,187
76,188
76,189
76,190
76,191
76,192
76,193
76,194
76,195
76,196
76,197
76,198
76,199
76,200
77,78
77,79
77,80
77,81
77,82
77,83
77,84
77,85
77,86
77,87
77,88
77,89
77,90
77,91
77,92
77,93
77,94
77,95
77,96
77,97
77,98
77,99
77,100
77,101
77,102
77,103
77,104
77,105
77,106
77,107
77,108
77,109
77,110
77,111
77,112
77,113
77,114
77,115
77,116
77,117
77,118
77,119
77,120
77,121
77,122
77,123
77,124
77,125
77,126
77,127
77,128
77,129
77,130
77,131
77,132
77,133
77,134
77,135
77,136
77,137
77,138
77,139
77,140
77,141
77,142
77,143
77,144
77,145
77,146
77,147
77,148
77,149
77,150
77,151
77,152
77,153
77,154
77,155
77,156
77,157
77,158
77,159
77,160
77,161
77,162
77,163
77,164
77,165
77,166
77,167
77,168
77,169
77,170
77,171
77,172
77,173
77,174
77,175
77,176
77,177
77,178
77,179
77,180
77,181
77,182
77,183
77,184
77,185
77,186
77,187
77,188
77,189
77,190
77,191
77,192
77,193
77,194
77,195
77,196
77,197
77,198
77,199
77,200
78,79
78,80
78,81
78,82
78,83
78,84
78,85
78,86
78,87
78,88
78,89
78,90
78,91
78,92
78,93
78,94
78,95
78,96
78,97
78,98
78,99
78,100
78,101
78,102
78,103
78,104
78,105
78,106
78,107
78,108
78,109
78,110
78,111
78,112
78,113
78,114
78,115
78,116
78,117
78,118
78,119
78,120
78,121
