50,184
50,185
50,186
50,187
50,188
50,189
50,190
50,191
50,192
50,193
50,194
50,195
50,196
50,197
50,198
50,199
50,200
51,52
51,53
51,54
51,55
51,56
51,57
51,58
51,59
51,60
51,61
51,62
51,63
51,64
51,65
51,66
51,67
51,68
51,69
51,70
51,71
51,72
51,73
51,74
51,75
51,76
51,77
51,78
51,79
51,80
51,81
51,82
51,83
51,84
51,85
51,86
51,87
51,88
51,89
51,90
51,91
51,92
51,93
51,94
51,95
51,96
51,97
51,98
51,99
51,100
51,101
51,102
51,103
51,104
51,105
51,106
51,107
51,108
51,109
51,110
51,111
51,112
51,113
51,114
51,115
51,116
51,117
51,118
51,119
51,120
51,121
51,122
51,123
51,124
51,125
51,126
51,127
51,128
51,129
51,130
51,131
51,132
51,133
51,134
51,135
51,136
51,137
51,138
51,139
51,140
51,141
51,142
51,143
51,144
51,145
51,146
51,147
51,148
51,149
51,150
51,151
51,152
51,153
51,154
51,155
51,156
51,157
51,158
51,159
51,160
51,161
51,162
51,163
51,164
51,165
51,166
51,167
51,168
51,169
51,170
51,171
51,172
51,173
51,174
51,175
51,176
51,177
51,178
51,179
51,180
51,181
51,182
51,183
51,184
51,185
51,186
51,187
51,188
51,189
51,190
51,191
51,192
51,193
51,194
51,195
51,196
51,197
51,198
51,199
51,200
52,53
52,54
52,55
52,56
52,57
52,58
52,59
52,60
52,61
52,62
52,63
52,64
52,65
52,66
52,67
52,68
52,69
52,70
52,71
52,72
52,73
52,74
52,75
52,76
52,77
52,78
52,79
52,80
52,81
52,82
52,83
52,84
52,85
52,86
52,87
52,88
52,89
52,90
52,91
52,92
52,93
52,94
52,95
52,96
52,97
52,98
52,99
52,100
52,101
52,102
52,103
52,104
52,105
52,106
52,107
52,108
52,109
52,110
52,111
52,112
52,113
52,114
52,115
52,116
52,117
52,118
52,119
52,120
52,121
52,122
52,123
52,124
52,125
52,126
52,127
52,128
52,129
52,130
52,131
52,132
52,133
52,134
52,135
52,136
52,137
52,138
52,139
52,140
52,141
52,142
52,143
52,144
52,145
52,146
52,147
52,148
52,149
52,150
52,151
52,152
52,153
52,154
52,155
52,156
52,157
52,158
52,159
52,160
52,161
52,162
52,163
52,164
52,165
52,166
52,167
52,168
52,169
52,170
52,171
52,172
52,173
52,174
52,175
52,176
52,177
52,178
52,179
52,180
52,181
52,182
52,183
52,184
52,185
52,186
52,187
52,188
52,189
52,190
52,191
52,192
52,193
52,194
52,195
52,196
52,197
52,198
52,199
52,200
53,54
53,55
53,56
53,57
53,58
53,59
53,60
53,61
53,62
53,63
53,64
53,65
53,66
53,67
53,68
53,69
53,70
53,71
53,72
53,73
53,74
53,75
53,76
53,77
53,78
53,79
53,80
53,81
53,82
53,83
53,84
53,85
53,86
53,87
53,88
53,89
53,90
53,91
53,92
53,93
53,94
53,95
53,96
53,97
53,98
53,99
53,100
53,101
53,102
53,103
53,104
53,105
53,106
53,107
53,108
53,109
53,110
53,111
53,112
53,113
53,114
53,115
53,116
53,117
53,118
53,119
53,120
53,121
53,122
53,123
53,124
53,125
53,126
53,127
53,128
53,129
53,130
53,131
53,132
53,133
53,134
53,135
53,136
53,137
53,138
53,139
53,140
53,141
53,142
53,143
53,144
53,145
53,146
53,147
53,148
53,149
53,150
53,151
53,152
53,153
53,154
53,155
53,156
53,157
53,158
53,159
53,160
53,161
53,162
53,163
53,164
53,165
53,166
53,167
53,168
53,169
53,170
53,171
53,172
53,173
53,174
53,175
53,176
53,177
53,178
53,179
53,180
53,181
53,182
53,183
53,184
53,185
53,186
53,187
53,188
53,189
53,190
53,191
53,192
53,193
53,194
53,195
53,196
53,197
53,198
53,199
53,200
54,55
54,56
54,57
54,58
54,59
54,60
54,61
54,62
54,63
54,64
54,65
54,66
54,67
54,68
54,69
54,70
54,71
54,72
54,73
54,74
54,75
54,76
54,77
54,78
54,79
54,80
54,81
54,82
54,83
54,84
54,85
54,86
54,87
54,88
54,89
54,90
54,91
54,92
54,93
54,94
54,95
54,96
54,97
54,98
54,99
54,100
54,101
54,102
54,103
54,104
54,105
54,106
54,107
54,108
54,109
54,110
54,111
54,112
54,113
54,114
54,115
54,116
54,117
54,118
54,119
54,120
54,121
54,122
54,123
54,124
54,125
54,126
54,127
54,128
54,129
54,130
54,131
54,132
54,133
54,134
54,135
54,136
54,137
54,138
54,139
54,140
54,141
54,142
54,143
54,144
54,145
54,146
54,147
54,148
54,149
54,150
54,151
54,152
54,153
54,154
54,155
54,156
54,157
54,158
54,159
54,160
54,161
54,162
54,163
54,164
54,165
54,166
54,167
54,168
54,169
54,170
54,171
54,172
54,173
54,174
54,175
54,176
54,177
54,178
54,179
54,180
54,181
54,182
54,183
54,184
54,185
54,186
54,187
54,188
54,189
54,190
54,191
54,192
54,193
54,194
54,195
54,196
54,197
54,198
54,199
54,200
55,56
55,57
55,58
55,59
55,60
55,61
55,62
55,63
55,64
55,65
55,66
55,67
55,68
55,69
55,70
55,71
55,72
55,73
55,74
55,75
55,76
55,77
55,78
55,79
55,80
55,81
55,82
55,83
55,84
55,85
55,86
55,87
55,88
55,89
55,90
55,91
55,92
55,93
55,94
55,95
55,96
55,97
55,98
55,99
55,100
55,101
55,102
55,103
55,104
55,105
55,106
55,107
55,108
55,109
55,110
55,111
55,112
55,113
55,114
55,115
55,116
55,117
55,118
55,119
55,120
55,121
55,122
55,123
55,124
55,125
55,126
55,127
55,128
55,129
55,130
55,131
55,132
55,133
55,134
55,135
55,136
55,137
55,138
55,139
55,140
55,141
55,142
55,143
55,144
55,145
55,146
55,147
55,148
55,149
55,150
55,151
55,152
55,153
55,154
55,155
55,156
55,157
55,158
55,159
55,160
55,161
55,162
55,163
55,164
55,165
55,166
55,167
55,168
55,169
55,170
55,171
55,172
55,173
55,174
55,175
55,176
55,177
55,178
55,179
55,180
55,181
55,182
55,183
55,184
55,185
55,186
55,187
55,188
55,189
55,190
55,191
55,192
55,193
55,194
55,195
55,196
55,197
55,198
55,199
55,200
56,57
56,58
56,59
56,60
56,61
56,62
56,63
56,64
56,65
56,66
56,67
56,68
56,69
56,70
56,71
56,72
56,73
56,74
56,75
56,76
56,77
56,78
56,79
56,80
56,81
56,82
56,83
56,84
56,85
56,86
56,87
56,88
56,89
56,90
56,91
56,92
56,93
56,94
56,95
56,96
56,97
56,98
56,99
56,100
56,101
56,102
56,103
56,104
56,105
56,106
56,107
56,108
56,109
56,110
56,111
56,112
56,113
56,114
56,115
56,116
56,117
56,118
56,119
56,120
56,121
56,122
56,123
56,124
56,125
56,126
56,127
56,128
56,129
56,130
56,131
56,132
56,133
56,134
56,135
56,136
56,137
56,138
56,139
56,140
56,141
56,142
56,143
56,144
56,145
56,146
56,147
56,148
56,149
56,150
56,151
56,152
56,153
56,154
56,155
56,156
56,157
56,158
56,159
56,160
56,161
56,162
56,163
56,164
56,165
56,166
56,167
56,168
56,169
56,170
56,171
56,172
56,173
56,174
56,175
56,176
56,177
56,178
56,179
56,180
56,181
56,182
56,183
56,184
56,185
56,186
56,187
56,188
56,189
56,190
56,191
56,192
56,193
56,194
56,195
56,196
56,197
56,198
56,199
56,200
57,58
57,59
57,60
57,61
57,62
57,63
57,64
57,65
57,66
57,67
57,68
57,69
57,70
57,71
57,72
57,73
57,74
57,75
57,76
57,77
57,78
57,79
57,80
57,81
57,82
57,83
57,84
57,85
57,86
57,87
57,88
57,89
57,90
57,91
57,92
57,93
57,94
57,95
57,96
57,97
57,98
57,99
57,100
57,101
57,102
57,103
57,104
57,105
57,106
57,107
57,108
57,109
57,110
57,111
57,112
57,113
57,114
57,115
57,116
57,117
57,118
57,119
57,120
57,121
57,122
57,123
57,124
57,125
57,126
57,127
57,128
57,129
57,130
57,131
57,132
57,133
57,134
57,135
57,136
57,137
57,138
57,139
57,140
57,141
57,142
57,143
57,144
57,145
57,146
57,147
57,148
57,149
57,150
57,151
57,152
57,153
57,154
57,155
57,156
57,157
57,158
57,159
57,160
57,161
57,162
57,163
57,164
57,165
57,166
57,167
57,168
57,169
57,170
57,171
57,172
57,173
57,174
57,175
57,176
57,177
57,178
57,179
57,180
57,181
57,182
57,183
57,184
57,185
57,186
57,187
57,188
57,189
57,190
57,191
57,192
57,193
57,194
57,195
57,196
57,197
57,198
57,199
57,200
58,59
58,60
58,61
58,62
58,63
58,64
58,65
58,66
58,67
58,68
58,69
58,70
58,71
58,72
58,73
58,74
58,75
58,76
58,77
58,78
58,79
58,80
58,81
58,82
58,83
58,84
58,85
58,86
58,87
58,88
58,89
58,90
58,91
58,92
58,93
58,94
58,95
58,96
58,97
58,98
58,99
58,100
58,101
58,102
58,103
58,104
58,105
58,106
58,107
58,108
58,109
58,110
58,111
58,112
58,113
58,114
58,115
58,116
58,117
58,118
58,119
58,120
58,121
58,122
58,123
58,124
58,125
58,126
58,127
58,128
58,129
58,130
58,131
58,132
58,133
58,134
58,135
58,136
58,137
58,138
58,139
58,140
58,141
58,142
58,143
58,144
58,145
58,146
58,147
58,148
58,149
58,150
58,151
58,152
58,153
58,154
58,155
58,156
58,157
58,158
58,159
58,160
58,161
58,162
58,163
58,164
58,165
58,166
58,167
58,168
58,169
58,170
58,171
58,172
58,173
58,174
58,175
58,176
58,177
58,178
58,179
58,180
58,181
58,182
58,183
58,184
58,185
58,186
58,187
58,188
58,189
58,190
58,191
58,192
58,193
58,194
58,195
58,196
58,197
58,198
58,199
58,200
59,60
59,61
59,62
59,63
59,64
59,65
59,66
59,67
59,68
59,69
59,70
59,71
59,72
59,73
59,74
59,75
59,76
59,77
59,78
59,79
59,80
59,81
59,82
59,83
59,84
59,85
59,86
59,87
59,88
59,89
59,90
59,91
59,92
59,93
59,94
59,95
59,96
59,97
59,98
59,99
59,100
59,101
59,102
59,103
59,104
59,105
59,106
59,107
59,108
59,109
59,110
59,111
59,112
59,113
59,114
59,115
59,116
59,117
59,118
59,119
59,120
59,121
59,122
