42,168
42,169
42,170
42,171
42,172
42,173
42,174
42,175
42,176
42,177
42,178
42,179
42,180
42,181
42,182
42,183
42,184
42,185
42,186
42,187
42,188
42,189
42,190
42,191
42,192
42,193
42,194
42,195
42,196
42,197
42,198
42,199
42,200
43,44
43,45
43,46
43,47
43,48
43,49
43,50
43,51
43,52
43,53
43,54
43,55
43,56
43,57
43,58
43,59
43,60
43,61
43,62
43,63
43,64
43,65
43,66
43,67
43,68
43,69
43,70
43,71
43,72
43,73
43,74
43,75
43,76
43,77
43,78
43,79
43,80
43,81
43,82
43,83
43,84
43,85
43,86
43,87
43,88
43,89
43,90
43,91
43,92
43,93
43,94
43,95
43,96
43,97
43,98
43,99
43,100
43,101
43,102
43,103
43,104
43,105
43,106
43,107
43,108
43,109
43,110
43,111
43,112
43,113
43,114
43,115
43,116
43,117
43,118
43,119
43,120
43,121
43,122
43,123
43,124
43,125
43,126
43,127
43,128
43,129
43,130
43,131
43,132
43,133
43,134
43,135
43,136
43,137
43,138
43,139
43,140
43,141
43,142
43,143
43,144
43,145
43,146
43,147
43,148
43,149
43,150
43,151
43,152
43,153
43,154
43,155
43,156
43,157
43,158
43,159
43,160
43,161
43,162
43,163
43,164
43,165
43,166
43,167
43,168
43,169
43,170
43,171
43,172
43,173
43,174
43,175
43,176
43,177
43,178
43,179
43,180
43,181
43,182
43,183
43,184
43,185
43,186
43,187
43,188
43,189
43,190
43,191
43,192
43,193
43,194
43,195
43,196
43,197
43,198
43,199
43,200
44,45
44,46
44,47
44,48
44,49
44,50
44,51
44,52
44,53
44,54
44,55
44,56
44,57
44,58
44,59
44,60
44,61
44,62
44,63
44,64
44,65
44,66
44,67
44,68
44,69
44,70
44,71
44,72
44,73
44,74
44,75
44,76
44,77
44,78
44,79
44,80
44,81
44,82
44,83
44,84
44,85
44,86
44,87
44,88
44,89
44,90
44,91
44,92
44,93
44,94
44,95
44,96
44,97
44,98
44,99
44,100
44,101
44,102
44,103
44,104
44,105
44,106
44,107
44,108
44,109
44,110
44,111
44,112
44,113
44,114
44,115
44,116
44,117
44,118
44,119
44,120
44,121
44,122
44,123
44,124
44,125
44,126
44,127
44,128
44,129
44,130
44,131
44,132
44,133
44,134
44,135
44,136
44,137
44,138
44,139
44,140
44,141
44,142
44,143
44,144
44,145
44,146
44,147
44,148
44,149
44,150
44,151
44,152
44,153
44,154
44,155
44,156
44,157
44,158
44,159
44,160
44,161
44,162
44,163
44,164
44,165
44,166
44,167
44,168
44,169
44,170
44,171
44,172
44,173
44,174
44,175
44,176
44,177
44,178
44,179
44,180
44,181
44,182
44,183
44,184
44,185
44,186
44,187
44,188
44,189
44,190
44,191
44,192
44,193
44,194
44,195
44,196
44,197
44,198
44,199
44,200
45,46
45,47
45,48
45,49
45,50
45,51
45,52
45,53
45,54
45,55
45,56
45,57
45,58
45,59
45,60
45,61
45,62
45,63
45,64
45,65
45,66
45,67
45,68
45,69
45,70
45,71
45,72
45,73
45,74
45,75
45,76
45,77
45,78
45,79
45,80
45,81
45,82
45,83
45,84
45,85
45,86
45,87
45,88
45,89
45,90
45,91
45,92
45,93
45,94
45,95
45,96
45,97
45,98
45,99
45,100
45,101
45,102
45,103
45,104
45,105
45,106
45,107
45,108
45,109
45,110
45,111
45,112
45,113
45,114
45,115
45,116
45,117
45,118
45,119
45,120
45,121
45,122
45,123
45,124
45,125
45,126
45,127
45,128
45,129
45,130
45,131
45,132
45,133
45,134
45,135
45,136
45,137
45,138
45,139
45,140
45,141
45,142
45,143
45,144
45,145
45,146
45,147
45,148
45,149
45,150
45,151
45,152
45,153
45,154
45,155
45,156
45,157
45,158
45,159
45,160
45,161
45,162
45,163
45,164
45,165
45,166
45,167
45,168
45,169
45,170
45,171
45,172
45,173
45,174
45,175
45,176
45,177
45,178
45,179
45,180
45,181
45,182
45,183
45,184
45,185
45,186
45,187
45,188
45,189
45,190
45,191
45,192
45,193
45,194
45,195
45,196
45,197
45,198
45,199
45,200
46,47
46,48
46,49
46,50
46,51
46,52
46,53
46,54
46,55
46,56
46,57
46,58
46,59
46,60
46,61
46,62
46,63
46,64
46,65
46,66
46,67
46,68
46,69
46,70
46,71
46,72
46,73
46,74
46,75
46,76
46,77
46,78
46,79
46,80
46,81
46,82
46,83
46,84
46,85
46,86
46,87
46,88
46,89
46,90
46,91
46,92
46,93
46,94
46,95
46,96
46,97
46,98
46,99
46,100
46,101
46,102
46,103
46,104
46,105
46,106
46,107
46,108
46,109
46,110
46,111
46,112
46,113
46,114
46,115
46,116
46,117
46,118
46,119
46,120
46,121
46,122
46,123
46,124
46,125
46,126
46,127
46,128
46,129
46,130
46,131
46,132
46,133
46,134
46,135
46,136
46,137
46,138
46,139
46,140
46,141
46,142
46,143
46,144
46,145
46,146
46,147
46,148
46,149
46,150
46,151
46,152
46,153
46,154
46,155
46,156
46,157
46,158
46,159
46,160
46,161
46,162
46,163
46,164
46,165
46,166
46,167
46,168
46,169
46,170
46,171
46,172
46,173
46,174
46,175
46,176
46,177
46,178
46,179
46,180
46,181
46,182
46,183
46,184
46,185
46,186
46,187
46,188
46,189
46,190
46,191
46,192
46,193
46,194
46,195
46,196
46,197
46,198
46,199
46,200
47,48
47,49
47,50
47,51
47,52
47,53
47,54
47,55
47,56
47,57
47,58
47,59
47,60
47,61
47,62
47,63
47,64
47,65
47,66
47,67
47,68
47,69
47,70
47,71
47,72
47,73
47,74
47,75
47,76
47,77
47,78
47,79
47,80
47,81
47,82
47,83
47,84
47,85
47,86
47,87
47,88
47,89
47,90
47,91
47,92
47,93
47,94
47,95
47,96
47,97
47,98
47,99
47,100
47,101
47,102
47,103
47,104
47,105
47,106
47,107
47,108
47,109
47,110
47,111
47,112
47,113
47,114
47,115
47,116
47,117
47,118
47,119
47,120
47,121
47,122
47,123
47,124
47,125
47,126
47,127
47,128
47,129
47,130
47,131
47,132
47,133
47,134
47,135
47,136
47,137
47,138
47,139
47,140
47,141
47,142
47,143
47,144
47,145
47,146
47,147
47,148
47,149
47,150
47,151
47,152
47,153
47,154
47,155
47,156
47,157
47,158
47,159
47,160
47,161
47,162
47,163
47,164
47,165
47,166
47,167
47,168
47,169
47,170
47,171
47,172
47,173
47,174
47,175
47,176
47,177
47,178
47,179
47,180
47,181
47,182
47,183
47,184
47,185
47,186
47,187
47,188
47,189
47,190
47,191
47,192
47,193
47,194
47,195
47,196
47,197
47,198
47,199
47,200
48,49
48,50
48,51
48,52
48,53
48,54
48,55
48,56
48,57
48,58
48,59
48,60
48,61
48,62
48,63
48,64
48,65
48,66
48,67
48,68
48,69
48,70
48,71
48,72
48,73
48,74
48,75
48,76
48,77
48,78
48,79
48,80
48,81
48,82
48,83
48,84
48,85
48,86
48,87
48,88
48,89
48,90
48,91
48,92
48,93
48,94
48,95
48,96
48,97
48,98
48,99
48,100
48,101
48,102
48,103
48,104
48,105
48,106
48,107
48,108
48,109
48,110
48,111
48,112
48,113
48,114
48,115
48,116
48,117
48,118
48,119
48,120
48,121
48,122
48,123
48,124
48,125
48,126
48,127
48,128
48,129
48,130
48,131
48,132
48,133
48,134
48,135
48,136
48,137
48,138
48,139
48,140
48,141
48,142
48,143
48,144
48,145
48,146
48,147
48,148
48,149
48,150
48,151
48,152
48,153
48,154
48,155
48,156
48,157
48,158
48,159
48,160
48,161
48,162
48,163
48,164
48,165
48,166
48,167
48,168
48,169
48,170
48,171
48,172
48,173
48,174
48,175
48,176
48,177
48,178
48,179
48,180
48,181
48,182
48,183
48,184
48,185
48,186
48,187
48,188
48,189
48,190
48,191
48,192
48,193
48,194
48,195
48,196
48,197
48,198
48,199
48,200
49,50
49,51
49,52
49,53
49,54
49,55
49,56
49,57
49,58
49,59
49,60
49,61
49,62
49,63
49,64
49,65
49,66
49,67
49,68
49,69
49,70
49,71
49,72
49,73
49,74
49,75
49,76
49,77
49,78
49,79
49,80
49,81
49,82
49,83
49,84
49,85
49,86
49,87
49,88
49,89
49,90
49,91
49,92
49,93
49,94
49,95
49,96
49,97
49,98
49,99
49,100
49,101
49,102
49,103
49,104
49,105
49,106
49,107
49,108
49,109
49,110
49,111
49,112
49,113
49,114
49,115
49,116
49,117
49,118
49,119
49,120
49,121
49,122
49,123
49,124
49,125
49,126
49,127
49,128
49,129
49,130
49,131
49,132
49,133
49,134
49,135
49,136
49,137
49,138
49,139
49,140
49,141
49,142
49,143
49,144
49,145
49,146
49,147
49,148
49,149
49,150
49,151
49,152
49,153
49,154
49,155
49,156
49,157
49,158
49,159
49,160
49,161
49,162
49,163
49,164
49,165
49,166
49,167
49,168
49,169
49,170
49,171
49,172
49,173
49,174
49,175
49,176
49,177
49,178
49,179
49,180
49,181
49,182
49,183
49,184
49,185
49,186
49,187
49,188
49,189
49,190
49,191
49,192
49,193
49,194
49,195
49,196
49,197
49,198
49,199
49,200
50,51
50,52
50,53
50,54
50,55
50,56
50,57
50,58
50,59
50,60
50,61
50,62
50,63
50,64
50,65
50,66
50,67
50,68
50,69
50,70
50,71
50,72
50,73
50,74
50,75
50,76
50,77
50,78
50,79
50,80
50,81
50,82
50,83
50,84
50,85
50,86
50,87
50,88
50,89
50,90
50,91
50,92
50,93
50,94
50,95
50,96
50,97
50,98
50,99
50,100
50,101
50,102
50,103
50,104
50,105
50,106
50,107
50,108
50,109
50,110
50,111
50,112
50,113
50,114
50,115
50,116
50,117
50,118
50,119
50,120
50,121
50,122
50,123
50,124
50,125
50,126
50,127
50,128
50,129
50,130
50,131
50,132
50,133
50,134
50,135
50,136
50,137
50,138
50,139
50,140
50,141
50,142
50,143
50,144
50,145
50,146
50,147
50,148
50,149
50,150
50,151
50,152
50,153
50,154
50,155
50,156
50,157
50,158
50,159
50,160
50,161
50,162
50,163
50,164
50,165
50,166
50,167
50,168
50,169
50,170
50,171
50,172
50,173
50,174
50,175
50,176
50,177
50,178
50,179
50,180
50,181
50,182
50,183
