35,51
35,52
35,53
35,54
35,55
35,56
35,57
35,58
35,59
35,60
35,61
35,62
35,63
35,64
35,65
35,66
35,67
35,68
35,69
35,70
35,71
35,72
35,73
35,74
35,75
35,76
35,77
35,78
35,79
35,80
35,81
35,82
35,83
35,84
35,85
35,86
35,87
35,88
35,89
35,90
35,91
35,92
35,93
35,94
35,95
35,96
35,97
35,98
35,99
35,100
35,101
35,102
35,103
35,104
35,105
35,106
35,107
35,108
35,109
35,110
35,111
35,112
35,113
35,114
35,115
35,116
35,117
35,118
35,119
35,120
35,121
35,122
35,123
35,124
35,125
35,126
35,127
35,128
35,129
35,130
35,131
35,132
35,133
35,134
35,135
35,136
35,137
35,138
35,139
35,140
35,141
35,142
35,143
35,144
35,145
35,146
35,147
35,148
35,149
35,150
35,151
35,152
35,153
35,154
35,155
35,156
35,157
35,158
35,159
35,160
35,161
35,162
35,163
35,164
35,165
35,166
35,167
35,168
35,169
35,170
35,171
35,172
35,173
35,174
35,175
35,176
35,177
35,178
35,179
35,180
35,181
35,182
35,183
35,184
35,185
35,186
35,187
35,188
35,189
35,190
35,191
35,192
35,193
35,194
35,195
35,196
35,197
35,198
35,199
35,200
36,37
36,38
36,39
36,40
36,41
36,42
36,43
36,44
36,45
36,46
36,47
36,48
36,49
36,50
36,51
36,52
36,53
36,54
36,55
36,56
36,57
36,58
36,59
36,60
36,61
36,62
36,63
36,64
36,65
36,66
36,67
36,68
36,69
36,70
36,71
36,72
36,73
36,74
36,75
36,76
36,77
36,78
36,79
36,80
36,81
36,82
36,83
36,84
36,85
36,86
36,87
36,88
36,89
36,90
36,91
36,92
36,93
36,94
36,95
36,96
36,97
36,98
36,99
36,100
36,101
36,102
36,103
36,104
36,105
36,106
36,107
36,108
36,109
36,110
36,111
36,112
36,113
36,114
36,115
36,116
36,117
36,118
36,119
36,120
36,121
36,122
36,123
36,124
36,125
36,126
36,127
36,128
36,129
36,130
36,131
36,132
36,133
36,134
36,135
36,136
36,137
36,138
36,139
36,140
36,141
36,142
36,143
36,144
36,145
36,146
36,147
36,148
36,149
36,150
36,151
36,152
36,153
36,154
36,155
36,156
36,157
36,158
36,159
36,160
36,161
36,162
36,163
36,164
36,165
36,166
36,167
36,168
36,169
36,170
36,171
36,172
36,173
36,174
36,175
36,176
36,177
36,178
36,179
36,180
36,181
36,182
36,183
36,184
36,185
36,186
36,187
36,188
36,189
36,190
36,191
36,192
36,193
36,194
36,195
36,196
36,197
36,198
36,199
36,200
37,38
37,39
37,40
37,41
37,42
37,43
37,44
37,45
37,46
37,47
37,48
37,49
37,50
37,51
37,52
37,53
37,54
37,55
37,56
37,57
37,58
37,59
37,60
37,61
37,62
37,63
37,64
37,65
37,66
37,67
37,68
37,69
37,70
37,71
37,72
37,73
37,74
37,75
37,76
37,77
37,78
37,79
37,80
37,81
37,82
37,83
37,84
37,85
37,86
37,87
37,88
37,89
37,90
37,91
37,92
37,93
37,94
37,95
37,96
37,97
37,98
37,99
37,100
37,101
37,102
37,103
37,104
37,105
37,106
37,107
37,108
37,109
37,110
37,111
37,112
37,113
37,114
37,115
37,116
37,117
37,118
37,119
37,120
37,121
37,122
37,123
37,124
37,125
37,126
37,127
37,128
37,129
37,130
37,131
37,132
37,133
37,134
37,135
37,136
37,137
37,138
37,139
37,140
37,141
37,142
37,143
37,144
37,145
37,146
37,147
37,148
37,149
37,150
37,151
37,152
37,153
37,154
37,155
37,156
37,157
37,158
37,159
37,160
37,161
37,162
37,163
37,164
37,165
37,166
37,167
37,168
37,169
37,170
37,171
37,172
37,173
37,174
37,175
37,176
37,177
37,178
37,179
37,180
37,181
37,182
37,183
37,184
37,185
37,186
37,187
37,188
37,189
37,190
37,191
37,192
37,193
37,194
37,195
37,196
37,197
37,198
37,199
37,200
38,39
38,40
38,41
38,42
38,43
38,44
38,45
38,46
38,47
38,48
38,49
38,50
38,51
38,52
38,53
38,54
38,55
38,56
38,57
38,58
38,59
38,60
38,61
38,62
38,63
38,64
38,65
38,66
38,67
38,68
38,69
38,70
38,71
38,72
38,73
38,74
38,75
38,76
38,77
38,78
38,79
38,80
38,81
38,82
38,83
38,84
38,85
38,86
38,87
38,88
38,89
38,90
38,91
38,92
38,93
38,94
38,95
38,96
38,97
38,98
38,99
38,100
38,101
38,102
38,103
38,104
38,105
38,106
38,107
38,108
38,109
38,110
38,111
38,112
38,113
38,114
38,115
38,116
38,117
38,118
38,119
38,120
38,121
38,122
38,123
38,124
38,125
38,126
38,127
38,128
38,129
38,130
38,131
38,132
38,133
38,134
38,135
38,136
38,137
38,138
38,139
38,140
38,141
38,142
38,143
38,144
38,145
38,146
38,147
38,148
38,149
38,150
38,151
38,152
38,153
38,154
38,155
38,156
38,157
38,158
38,159
38,160
38,161
38,162
38,163
38,164
38,165
38,166
38,167
38,168
38,169
38,170
38,171
38,172
38,173
38,174
38,175
38,176
38,177
38,178
38,179
38,180
38,181
38,182
38,183
38,184
38,185
38,186
38,187
38,188
38,189
38,190
38,191
38,192
38,193
38,194
38,195
38,196
38,197
38,198
38,199
38,200
39,40
39,41
39,42
39,43
39,44
39,45
39,46
39,47
39,48
39,49
39,50
39,51
39,52
39,53
39,54
39,55
39,56
39,57
39,58
39,59
39,60
39,61
39,62
39,63
39,64
39,65
39,66
39,67
39,68
39,69
39,70
39,71
39,72
39,73
39,74
39,75
39,76
39,77
39,78
39,79
39,80
39,81
39,82
39,83
39,84
39,85
39,86
39,87
39,88
39,89
39,90
39,91
39,92
39,93
39,94
39,95
39,96
39,97
39,98
39,99
39,100
39,101
39,102
39,103
39,104
39,105
39,106
39,107
39,108
39,109
39,110
39,111
39,112
39,113
39,114
39,115
39,116
39,117
39,118
39,119
39,120
39,121
39,122
39,123
39,124
39,125
39,126
39,127
39,128
39,129
39,130
39,131
39,132
39,133
39,134
39,135
39,136
39,137
39,138
39,139
39,140
39,141
39,142
39,143
39,144
39,145
39,146
39,147
39,148
39,149
39,150
39,151
39,152
39,153
39,154
39,155
39,156
39,157
39,158
39,159
39,160
39,161
39,162
39,163
39,164
39,165
39,166
39,167
39,168
39,169
39,170
39,171
39,172
39,173
39,174
39,175
39,176
39,177
39,178
39,179
39,180
39,181
39,182
39,183
39,184
39,185
39,186
39,187
39,188
39,189
39,190
39,191
39,192
39,193
39,194
39,195
39,196
39,197
39,198
39,199
39,200
40,41
40,42
40,43
40,44
40,45
40,46
40,47
40,48
40,49
40,50
40,51
40,52
40,53
40,54
40,55
40,56
40,57
40,58
40,59
40,60
40,61
40,62
40,63
40,64
40,65
40,66
40,67
40,68
40,69
40,70
40,71
40,72
40,73
40,74
40,75
40,76
40,77
40,78
40,79
40,80
40,81
40,82
40,83
40,84
40,85
40,86
40,87
40,88
40,89
40,90
40,91
40,92
40,93
40,94
40,95
40,96
40,97
40,98
40,99
40,100
40,101
40,102
40,103
40,104
40,105
40,106
40,107
40,108
40,109
40,110
40,111
40,112
40,113
40,114
40,115
40,116
40,117
40,118
40,119
40,120
40,121
40,122
40,123
40,124
40,125
40,126
40,127
40,128
40,129
40,130
40,131
40,132
40,133
40,134
40,135
40,136
40,137
40,138
40,139
40,140
40,141
40,142
40,143
40,144
40,145
40,146
40,147
40,148
40,149
40,150
40,151
40,152
40,153
40,154
40,155
40,156
40,157
40,158
40,159
40,160
40,161
40,162
40,163
40,164
40,165
40,166
40,167
40,168
40,169
40,170
40,171
40,172
40,173
40,174
40,175
40,176
40,177
40,178
40,179
40,180
40,181
40,182
40,183
40,184
40,185
40,186
40,187
40,188
40,189
40,190
40,191
40,192
40,193
40,194
40,195
40,196
40,197
40,198
40,199
40,200
41,42
41,43
41,44
41,45
41,46
41,47
41,48
41,49
41,50
41,51
41,52
41,53
41,54
41,55
41,56
41,57
41,58
41,59
41,60
41,61
41,62
41,63
41,64
41,65
41,66
41,67
41,68
41,69
41,70
41,71
41,72
41,73
41,74
41,75
41,76
41,77
41,78
41,79
41,80
41,81
41,82
41,83
41,84
41,85
41,86
41,87
41,88
41,89
41,90
41,91
41,92
41,93
41,94
41,95
41,96
41,97
41,98
41,99
41,100
41,101
41,102
41,103
41,104
41,105
41,106
41,107
41,108
41,109
41,110
41,111
41,112
41,113
41,114
41,115
41,116
41,117
41,118
41,119
41,120
41,121
41,122
41,123
41,124
41,125
41,126
41,127
41,128
41,129
41,130
41,131
41,132
41,133
41,134
41,135
41,136
41,137
41,138
41,139
41,140
41,141
41,142
41,143
41,144
41,145
41,146
41,147
41,148
41,149
41,150
41,151
41,152
41,153
41,154
41,155
41,156
41,157
41,158
41,159
41,160
41,161
41,162
41,163
41,164
41,165
41,166
41,167
41,168
41,169
41,170
41,171
41,172
41,173
41,174
41,175
41,176
41,177
41,178
41,179
41,180
41,181
41,182
41,183
41,184
41,185
41,186
41,187
41,188
41,189
41,190
41,191
41,192
41,193
41,194
41,195
41,196
41,197
41,198
41,199
41,200
42,43
42,44
42,45
42,46
42,47
42,48
42,49
42,50
42,51
42,52
42,53
42,54
42,55
42,56
42,57
42,58
42,59
42,60
42,61
42,62
42,63
42,64
42,65
42,66
42,67
42,68
42,69
42,70
42,71
42,72
42,73
42,74
42,75
42,76
42,77
42,78
42,79
42,80
42,81
42,82
42,83
42,84
42,85
42,86
42,87
42,88
42,89
42,90
42,91
42,92
42,93
42,94
42,95
42,96
42,97
42,98
42,99
42,100
42,101
42,102
42,103
42,104
42,105
42,106
42,107
42,108
42,109
42,110
42,111
42,112
42,113
42,114
42,115
42,116
42,117
42,118
42,119
42,120
42,121
42,122
42,123
42,124
42,125
42,126
42,127
42,128
42,129
42,130
42,131
42,132
42,133
42,134
42,135
42,136
42,137
42,138
42,139
42,140
42,141
42,142
42,143
42,144
42,145
42,146
42,147
42,148
42,149
42,150
42,151
42,152
42,153
42,154
42,155
42,156
42,157
42,158
42,159
42,160
42,161
42,162
42,163
42,164
42,165
42,166
42,167
