100,179
100,180
100,181
100,182
100,183
100,184
100,185
100,186
100,187
100,188
100,189
100,190
100,191
100,192
100,193
100,194
100,195
100,196
100,197
100,198
100,199
100,200
101,102
101,103
101,104
101,105
101,106
101,107
101,108
101,109
101,110
101,111
101,112
101,113
101,114
101,115
101,116
101,117
101,118
101,119
101,120
101,121
101,122
101,123
101,124
101,125
101,126
101,127
101,128
101,129
101,130
101,131
101,132
101,133
101,134
101,135
101,136
101,137
101,138
101,139
101,140
101,141
101,142
101,143
101,144
101,145
101,146
101,147
101,148
101,149
101,150
101,151
101,152
101,153
101,154
101,155
101,156
101,157
101,158
101,159
101,160
101,161
101,162
101,163
101,164
101,165
101,166
101,167
101,168
101,169
101,170
101,171
101,172
101,173
101,174
101,175
101,176
101,177
101,178
101,179
101,180
101,181
101,182
101,183
101,184
101,185
101,186
101,187
101,188
101,189
101,190
101,191
101,192
101,193
101,194
101,195
101,196
101,197
101,198
101,199
101,200
102,103
102,104
102,105
102,106
102,107
102,108
102,109
102,110
102,111
102,112
102,113
102,114
102,115
102,116
102,117
102,118
102,119
102,120
102,121
102,122
102,123
102,124
102,125
102,126
102,127
102,128
102,129
102,130
102,131
102,132
102,133
102,134
102,135
102,136
102,137
102,138
102,139
102,140
102,141
102,142
102,143
102,144
102,145
102,146
102,147
102,148
102,149
102,150
102,151
102,152
102,153
102,154
102,155
102,156
102,157
102,158
102,159
102,160
102,161
102,162
102,163
102,164
102,165
102,166
102,167
102,168
102,169
102,170
102,171
102,172
102,173
102,174
102,175
102,176
102,177
102,178
102,179
102,180
102,181
102,182
102,183
102,184
102,185
102,186
102,187
102,188
102,189
102,190
102,191
102,192
102,193
102,194
102,195
102,196
102,197
102,198
102,199
102,200
103,104
103,105
103,106
103,107
103,108
103,109
103,110
103,111
103,112
103,113
103,114
103,115
103,116
103,117
103,118
103,119
103,120
103,121
103,122
103,123
103,124
103,125
103,126
103,127
103,128
103,129
103,130
103,131
103,132
103,133
103,134
103,135
103,136
103,137
103,138
103,139
103,140
103,141
103,142
103,143
103,144
103,145
103,146
103,147
103,148
103,149
103,150
103,151
103,152
103,153
103,154
103,155
103,156
103,157
103,158
103,159
103,160
103,161
103,162
103,163
103,164
103,165
103,166
103,167
103,168
103,169
103,170
103,171
103,172
103,173
103,174
103,175
103,176
103,177
103,178
103,179
103,180
103,181
103,182
103,183
103,184
103,185
103,186
103,187
103,188
103,189
103,190
103,191
103,192
103,193
103,194
103,195
103,196
103,197
103,198
103,199
103,200
104,105
104,106
104,107
104,108
104,109
104,110
104,111
104,112
104,113
104,114
104,115
104,116
104,117
104,118
104,119
104,120
104,121
104,122
104,123
104,124
104,125
104,126
104,127
104,128
104,129
104,130
104,131
104,132
104,133
104,134
104,135
104,136
104,137
104,138
104,139
104,140
104,141
104,142
104,143
104,144
104,145
104,146
104,147
104,148
104,149
104,150
104,151
104,152
104,153
104,154
104,155
104,156
104,157
104,158
104,159
104,160
104,161
104,162
104,163
104,164
104,165
104,166
104,167
104,168
104,169
104,170
104,171
104,172
104,173
104,174
104,175
104,176
104,177
104,178
104,179
104,180
104,181
104,182
104,183
104,184
104,185
104,186
104,187
104,188
104,189
104,190
104,191
104,192
104,193
104,194
104,195
104,196
104,197
104,198
104,199
104,200
105,106
105,107
105,108
105,109
105,110
105,111
105,112
105,113
105,114
105,115
105,116
105,117
105,118
105,119
105,120
105,121
105,122
105,123
105,124
105,125
105,126
105,127
105,128
105,129
105,130
105,131
105,132
105,133
105,134
105,135
105,136
105,137
105,138
105,139
105,140
105,141
105,142
105,143
105,144
105,145
105,146
105,147
105,148
105,149
105,150
105,151
105,152
105,153
105,154
105,155
105,156
105,157
105,158
105,159
105,160
105,161
105,162
105,163
105,164
105,165
105,166
105,167
105,168
105,169
105,170
105,171
105,172
105,173
105,174
105,175
105,176
105,177
105,178
105,179
105,180
105,181
105,182
105,183
105,184
105,185
105,186
105,187
105,188
105,189
105,190
105,191
105,192
105,193
105,194
105,195
105,196
105,197
105,198
105,199
105,200
106,107
106,108
106,109
106,110
106,111
106,112
106,113
106,114
106,115
106,116
106,117
106,118
106,119
106,120
106,121
106,122
106,123
106,124
106,125
106,126
106,127
106,128
106,129
106,130
106,131
106,132
106,133
106,134
106,135
106,136
106,137
106,138
106,139
106,140
106,141
106,142
106,143
106,144
106,145
106,146
106,147
106,148
106,149
106,150
106,151
106,152
106,153
106,154
106,155
106,156
106,157
106,158
106,159
106,160
106,161
106,162
106,163
106,164
106,165
106,166
106,167
106,168
106,169
106,170
106,171
106,172
106,173
106,174
106,175
106,176
106,177
106,178
106,179
106,180
106,181
106,182
106,183
106,184
106,185
106,186
106,187
106,188
106,189
106,190
106,191
106,192
106,193
106,194
106,195
106,196
106,197
106,198
106,199
106,200
107,108
107,109
107,110
107,111
107,112
107,113
107,114
107,115
107,116
107,117
107,118
107,119
107,120
107,121
107,122
107,123
107,124
107,125
107,126
107,127
107,128
107,129
107,130
107,131
107,132
107,133
107,134
107,135
107,136
107,137
107,138
107,139
107,140
107,141
107,142
107,143
107,144
107,145
107,146
107,147
107,148
107,149
107,150
107,151
107,152
107,153
107,154
107,155
107,156
107,157
107,158
107,159
107,160
107,161
107,162
107,163
107,164
107,165
107,166
107,167
107,168
107,169
107,170
107,171
107,172
107,173
107,174
107,175
107,176
107,177
107,178
107,179
107,180
107,181
107,182
107,183
107,184
107,185
107,186
107,187
107,188
107,189
107,190
107,191
107,192
107,193
107,194
107,195
107,196
107,197
107,198
107,199
107,200
108,109
108,110
108,111
108,112
108,113
108,114
108,115
108,116
108,117
108,118
108,119
108,120
108,121
108,122
108,123
108,124
108,125
108,126
108,127
108,128
108,129
108,130
108,131
108,132
108,133
108,134
108,135
108,136
108,137
108,138
108,139
108,140
108,141
108,142
108,143
108,144
108,145
108,146
108,147
108,148
108,149
108,150
108,151
108,152
108,153
108,154
108,155
108,156
108,157
108,158
108,159
108,160
108,161
108,162
108,163
108,164
108,165
108,166
108,167
108,168
108,169
108,170
108,171
108,172
108,173
108,174
108,175
108,176
108,177
108,178
108,179
108,180
108,181
108,182
108,183
108,184
108,185
108,186
108,187
108,188
108,189
108,190
108,191
108,192
108,193
108,194
108,195
108,196
108,197
108,198
108,199
108,200
109,110
109,111
109,112
109,113
109,114
109,115
109,116
109,117
109,118
109,119
109,120
109,121
109,122
109,123
109,124
109,125
109,126
109,127
109,128
109,129
109,130
109,131
109,132
109,133
109,134
109,135
109,136
109,137
109,138
109,139
109,140
109,141
109,142
109,143
109,144
109,145
109,146
109,147
109,148
109,149
109,150
109,151
109,152
109,153
109,154
109,155
109,156
109,157
109,158
109,159
109,160
109,161
109,162
109,163
109,164
109,165
109,166
109,167
109,168
109,169
109,170
109,171
109,172
109,173
109,174
109,175
109,176
109,177
109,178
109,179
109,180
109,181
109,182
109,183
109,184
109,185
109,186
109,187
109,188
109,189
109,190
109,191
109,192
109,193
109,194
109,195
109,196
109,197
109,198
109,199
109,200
110,111
110,112
110,113
110,114
110,115
110,116
110,117
110,118
110,119
110,120
110,121
110,122
110,123
110,124
110,125
110,126
110,127
110,128
110,129
110,130
110,131
110,132
110,133
110,134
110,135
110,136
110,137
110,138
110,139
110,140
110,141
110,142
110,143
110,144
110,145
110,146
110,147
110,148
110,149
110,150
110,151
110,152
110,153
110,154
110,155
110,156
110,157
110,158
110,159
110,160
110,161
110,162
110,163
110,164
110,165
110,166
110,167
110,168
110,169
110,170
110,171
110,172
110,173
110,174
110,175
110,176
110,177
110,178
110,179
110,180
110,181
110,182
110,183
110,184
110,185
110,186
110,187
110,188
110,189
110,190
110,191
110,192
110,193
110,194
110,195
110,196
110,197
110,198
110,199
110,200
111,112
111,113
111,114
111,115
111,116
111,117
111,118
111,119
111,120
111,121
111,122
111,123
111,124
111,125
111,126
111,127
111,128
111,129
111,130
111,131
111,132
111,133
111,134
111,135
111,136
111,137
111,138
111,139
111,140
111,141
111,142
111,143
111,144
111,145
111,146
111,147
111,148
111,149
111,150
111,151
111,152
111,153
111,154
111,155
111,156
111,157
111,158
111,159
111,160
111,161
111,162
111,163
111,164
111,165
111,166
111,167
111,168
111,169
111,170
111,171
111,172
111,173
111,174
111,175
111,176
111,177
111,178
111,179
111,180
111,181
111,182
111,183
111,184
111,185
111,186
111,187
111,188
111,189
111,190
111,191
111,192
111,193
111,194
111,195
111,196
111,197
111,198
111,199
111,200
112,113
112,114
112,115
112,116
112,117
112,118
112,119
112,120
112,121
112,122
112,123
112,124
112,125
112,126
112,127
112,128
112,129
112,130
112,131
112,132
112,133
112,134
112,135
112,136
112,137
112,138
112,139
112,140
112,141
112,142
112,143
112,144
112,145
112,146
112,147
112,148
112,149
112,150
112,151
112,152
112,153
112,154
112,155
112,156
112,157
112,158
112,159
112,160
112,161
112,162
112,163
112,164
112,165
112,166
112,167
112,168
112,169
112,170
112,171
112,172
112,173
112,174
112,175
112,176
112,177
112,178
112,179
112,180
112,181
112,182
112,183
112,184
112,185
112,186
112,187
112,188
112,189
112,190
112,191
112,192
112,193
112,194
112,195
112,196
112,197
112,198
112,199
112,200
113,114
113,115
113,116
113,117
113,118
113,119
113,120
113,121
113,122
113,123
113,124
113,125
113,126
113,127
113,128
113,129
113,130
113,131
113,132
113,133
113,134
113,135
113,136
113,137
113,138
113,139
113,140
113,141
113,142
113,143
113,144
113,145
113,146
113,147
113,148
113,149
113,150
113,151
113,152
113,153
113,154
113,155
113,156
113,157
113,158
113,159
113,160
113,161
113,162
113,163
113,164
113,165
113,166
113,167
113,168
113,169
113,170
113,171
113,172
113,173
113,174
113,175
113,176
113,177
113,178
113,179
113,180
113,181
113,182
113,183
113,184
113,185
113,186
113,187
113,188
113,189
113,190
113,191
113,192
113,193
113,194
113,195
113,196
113,197
113,198
113,199
113,200
114,115
114,116
114,117
114,118
114,119
114,120
114,121
114,122
114,123
114,124
114,125
114,126
114,127
