130,132
130,133
130,134
130,135
130,136
130,137
130,138
130,139
130,140
130,141
130,142
130,143
130,144
130,145
130,146
130,147
130,148
130,149
130,150
130,151
130,152
130,153
130,154
130,155
130,156
130,157
130,158
130,159
130,160
130,161
130,162
130,163
130,164
130,165
130,166
130,167
130,168
130,169
130,170
130,171
130,172
130,173
130,174
130,175
130,176
130,177
130,178
130,179
130,180
130,181
130,182
130,183
130,184
130,185
130,186
130,187
130,188
130,189
130,190
130,191
130,192
130,193
130,194
130,195
130,196
130,197
130,198
130,199
130,200
131,132
131,133
131,134
131,135
131,136
131,137
131,138
131,139
131,140
131,141
131,142
131,143
131,144
131,145
131,146
131,147
131,148
131,149
131,150
131,151
131,152
131,153
131,154
131,155
131,156
131,157
131,158
131,159
131,160
131,161
131,162
131,163
131,164
131,165
131,166
131,167
131,168
131,169
131,170
131,171
131,172
131,173
131,174
131,175
131,176
131,177
131,178
131,179
131,180
131,181
131,182
131,183
131,184
131,185
131,186
131,187
131,188
131,189
131,190
131,191
131,192
131,193
131,194
131,195
131,196
131,197
131,198
131,199
131,200
132,133
132,134
132,135
132,136
132,137
132,138
132,139
132,140
132,141
132,142
132,143
132,144
132,145
132,146
132,147
132,148
132,149
132,150
132,151
132,152
132,153
132,154
132,155
132,156
132,157
132,158
132,159
132,160
132,161
132,162
132,163
132,164
132,165
132,166
132,167
132,168
132,169
132,170
132,171
132,172
132,173
132,174
132,175
132,176
132,177
132,178
132,179
132,180
132,181
132,182
132,183
132,184
132,185
132,186
132,187
132,188
132,189
132,190
132,191
132,192
132,193
132,194
132,195
132,196
132,197
132,198
132,199
132,200
133,134
133,135
133,136
133,137
133,138
133,139
133,140
133,141
133,142
133,143
133,144
133,145
133,146
133,147
133,148
133,149
133,150
133,151
133,152
133,153
133,154
133,155
133,156
133,157
133,158
133,159
133,160
133,161
133,162
133,163
133,164
133,165
133,166
133,167
133,168
133,169
133,170
133,171
133,172
133,173
133,174
133,175
133,176
133,177
133,178
133,179
133,180
133,181
133,182
133,183
133,184
133,185
133,186
133,187
133,188
133,189
133,190
133,191
133,192
133,193
133,194
133,195
133,196
133,197
133,198
133,199
133,200
134,135
134,136
134,137
134,138
134,139
134,140
134,141
134,142
134,143
134,144
134,145
134,146
134,147
134,148
134,149
134,150
134,151
134,152
134,153
134,154
134,155
134,156
134,157
134,158
134,159
134,160
134,161
134,162
134,163
134,164
134,165
134,166
134,167
134,168
134,169
134,170
134,171
134,172
134,173
134,174
134,175
134,176
134,177
134,178
134,179
134,180
134,181
134,182
134,183
134,184
134,185
134,186
134,187
134,188
134,189
134,190
134,191
134,192
134,193
134,194
134,195
134,196
134,197
134,198
134,199
134,200
135,136
135,137
135,138
135,139
135,140
135,141
135,142
135,143
135,144
135,145
135,146
135,147
135,148
135,149
135,150
135,151
135,152
135,153
135,154
135,155
135,156
135,157
135,158
135,159
135,160
135,161
135,162
135,163
135,164
135,165
135,166
135,167
135,168
135,169
135,170
135,171
135,172
135,173
135,174
135,175
135,176
135,177
135,178
135,179
135,180
135,181
135,182
135,183
135,184
135,185
135,186
135,187
135,188
135,189
135,190
135,191
135,192
135,193
135,194
135,195
135,196
135,197
135,198
135,199
135,200
136,137
136,138
136,139
136,140
136,141
136,142
136,143
136,144
136,145
136,146
136,147
136,148
136,149
136,150
136,151
136,152
136,153
136,154
136,155
136,156
136,157
136,158
136,159
136,160
136,161
136,162
136,163
136,164
136,165
136,166
136,167
136,168
136,169
136,170
136,171
136,172
136,173
136,174
136,175
136,176
136,177
136,178
136,179
136,180
136,181
136,182
136,183
136,184
136,185
136,186
136,187
136,188
136,189
136,190
136,191
136,192
136,193
136,194
136,195
136,196
136,197
136,198
136,199
136,200
137,138
137,139
137,140
137,141
137,142
137,143
137,144
137,145
137,146
137,147
137,148
137,149
137,150
137,151
137,152
137,153
137,154
137,155
137,156
137,157
137,158
137,159
137,160
137,161
137,162
137,163
137,164
137,165
137,166
137,167
137,168
137,169
137,170
137,171
137,172
137,173
137,174
137,175
137,176
137,177
137,178
137,179
137,180
137,181
137,182
137,183
137,184
137,185
137,186
137,187
137,188
137,189
137,190
137,191
137,192
137,193
137,194
137,195
137,196
137,197
137,198
137,199
137,200
138,139
138,140
138,141
138,142
138,143
138,144
138,145
138,146
138,147
138,148
138,149
138,150
138,151
138,152
138,153
138,154
138,155
138,156
138,157
138,158
138,159
138,160
138,161
138,162
138,163
138,164
138,165
138,166
138,167
138,168
138,169
138,170
138,171
138,172
138,173
138,174
138,175
138,176
138,177
138,178
138,179
138,180
138,181
138,182
138,183
138,184
138,185
138,186
138,187
138,188
138,189
138,190
138,191
138,192
138,193
138,194
138,195
138,196
138,197
138,198
138,199
138,200
139,140
139,141
139,142
139,143
139,144
139,145
139,146
139,147
139,148
139,149
139,150
139,151
139,152
139,153
139,154
139,155
139,156
139,157
139,158
139,159
139,160
139,161
139,162
139,163
139,164
139,165
139,166
139,167
139,168
139,169
139,170
139,171
139,172
139,173
139,174
139,175
139,176
139,177
139,178
139,179
139,180
139,181
139,182
139,183
139,184
139,185
139,186
139,187
139,188
139,189
139,190
139,191
139,192
139,193
139,194
139,195
139,196
139,197
139,198
139,199
139,200
140,141
140,142
140,143
140,144
140,145
140,146
140,147
140,148
140,149
140,150
140,151
140,152
140,153
140,154
140,155
140,156
140,157
140,158
140,159
140,160
140,161
140,162
140,163
140,164
140,165
140,166
140,167
140,168
140,169
140,170
140,171
140,172
140,173
140,174
140,175
140,176
140,177
140,178
140,179
140,180
140,181
140,182
140,183
140,184
140,185
140,186
140,187
140,188
140,189
140,190
140,191
140,192
140,193
140,194
140,195
140,196
140,197
140,198
140,199
140,200
141,142
141,143
141,144
141,145
141,146
141,147
141,148
141,149
141,150
141,151
141,152
141,153
141,154
141,155
141,156
141,157
141,158
141,159
141,160
141,161
141,162
141,163
141,164
141,165
141,166
141,167
141,168
141,169
141,170
141,171
141,172
141,173
141,174
141,175
141,176
141,177
141,178
141,179
141,180
141,181
141,182
141,183
141,184
141,185
141,186
141,187
141,188
141,189
141,190
141,191
141,192
141,193
141,194
141,195
141,196
141,197
141,198
141,199
141,200
142,143
142,144
142,145
142,146
142,147
142,148
142,149
142,150
142,151
142,152
142,153
142,154
142,155
142,156
142,157
142,158
142,159
142,160
142,161
142,162
142,163
142,164
142,165
142,166
142,167
142,168
142,169
142,170
142,171
142,172
142,173
142,174
142,175
142,176
142,177
142,178
142,179
142,180
142,181
142,182
142,183
142,184
142,185
142,186
142,187
142,188
142,189
142,190
142,191
142,192
142,193
142,194
142,195
142,196
142,197
142,198
142,199
142,200
143,144
143,145
143,146
143,147
143,148
143,149
143,150
143,151
143,152
143,153
143,154
143,155
143,156
143,157
143,158
143,159
143,160
143,161
143,162
143,163
143,164
143,165
143,166
143,167
143,168
143,169
143,170
143,171
143,172
143,173
143,174
143,175
143,176
143,177
143,178
143,179
143,180
143,181
143,182
143,183
143,184
143,185
143,186
143,187
143,188
143,189
143,190
143,191
143,192
143,193
143,194
143,195
143,196
143,197
143,198
143,199
143,200
144,145
144,146
144,147
144,148
144,149
144,150
144,151
144,152
144,153
144,154
144,155
144,156
144,157
144,158
144,159
144,160
144,161
144,162
144,163
144,164
144,165
144,166
144,167
144,168
144,169
144,170
144,171
144,172
144,173
144,174
144,175
144,176
144,177
144,178
144,179
144,180
144,181
144,182
144,183
144,184
144,185
144,186
144,187
144,188
144,189
144,190
144,191
144,192
144,193
144,194
144,195
144,196
144,197
144,198
144,199
144,200
145,146
145,147
145,148
145,149
145,150
145,151
145,152
145,153
145,154
145,155
145,156
145,157
145,158
145,159
145,160
145,161
145,162
145,163
145,164
145,165
145,166
145,167
145,168
145,169
145,170
145,171
145,172
145,173
145,174
145,175
145,176
145,177
145,178
145,179
145,180
145,181
145,182
145,183
145,184
145,185
145,186
145,187
145,188
145,189
145,190
145,191
145,192
145,193
145,194
145,195
145,196
145,197
145,198
145,199
145,200
146,147
146,148
146,149
146,150
146,151
146,152
146,153
146,154
146,155
146,156
146,157
146,158
146,159
146,160
146,161
146,162
146,163
146,164
146,165
146,166
146,167
146,168
146,169
146,170
146,171
146,172
146,173
146,174
146,175
146,176
146,177
146,178
146,179
146,180
146,181
146,182
146,183
146,184
146,185
146,186
146,187
146,188
146,189
146,190
146,191
146,192
146,193
146,194
146,195
146,196
146,197
146,198
146,199
146,200
147,148
147,149
147,150
147,151
147,152
147,153
147,154
147,155
147,156
147,157
147,158
147,159
147,160
147,161
147,162
147,163
147,164
147,165
147,166
147,167
147,168
147,169
147,170
147,171
147,172
147,173
147,174
147,175
147,176
147,177
147,178
147,179
147,180
147,181
147,182
147,183
147,184
147,185
147,186
147,187
147,188
147,189
147,190
147,191
147,192
147,193
147,194
147,195
147,196
147,197
147,198
147,199
147,200
148,149
148,150
148,151
148,152
148,153
148,154
148,155
148,156
148,157
148,158
148,159
148,160
148,161
148,162
148,163
148,164
148,165
148,166
148,167
148,168
148,169
148,170
148,171
148,172
148,173
148,174
148,175
148,176
148,177
148,178
148,179
148,180
148,181
148,182
148,183
148,184
148,185
148,186
148,187
148,188
148,189
148,190
148,191
148,192
148,193
148,194
148,195
148,196
148,197
148,198
148,199
148,200
149,150
149,151
149,152
149,153
149,154
149,155
149,156
149,157
149,158
149,159
149,160
149,161
149,162
149,163
149,164
149,165
149,166
149,167
149,168
149,169
149,170
149,171
149,172
149,173
149,174
149,175
149,176
149,177
149,178
149,179
149,180
149,181
149,182
149,183
149,184
149,185
149,186
149,187
149,188
149,189
149,190
149,191
149,192
149,193
149,194
149,195
149,196
149,197
149,198
149,199
149,200
150,151
150,152
150,153
150,154
150,155
150,156
150,157
150,158
150,159
150,160
150,161
150,162
150,163
150,164
150,165
150,166
150,167
150,168
150,169
150,170
150,171
150,172
150,173
150,174
150,175
150,176
150,177
150,178
150,179
150,180
150,181
150,182
150,183
150,184
150,185
