114,128
114,129
114,130
114,131
114,132
114,133
114,134
114,135
114,136
114,137
114,138
114,139
114,140
114,141
114,142
114,143
114,144
114,145
114,146
114,147
114,148
114,149
114,150
114,151
114,152
114,153
114,154
114,155
114,156
114,157
114,158
114,159
114,160
114,161
114,162
114,163
114,164
114,165
114,166
114,167
114,168
114,169
114,170
114,171
114,172
114,173
114,174
114,175
114,176
114,177
114,178
114,179
114,180
114,181
114,182
114,183
114,184
114,185
114,186
114,187
114,188
114,189
114,190
114,191
114,192
114,193
114,194
114,195
114,196
114,197
114,198
114,199
114,200
115,116
115,117
115,118
115,119
115,120
115,121
115,122
115,123
115,124
115,125
115,126
115,127
115,128
115,129
115,130
115,131
115,132
115,133
115,134
115,135
115,136
115,137
115,138
115,139
115,140
115,141
115,142
115,143
115,144
115,145
115,146
115,147
115,148
115,149
115,150
115,151
115,152
115,153
115,154
115,155
115,156
115,157
115,158
115,159
115,160
115,161
115,162
115,163
115,164
115,165
115,166
115,167
115,168
115,169
115,170
115,171
115,172
115,173
115,174
115,175
115,176
115,177
115,178
115,179
115,180
115,181
115,182
115,183
115,184
115,185
115,186
115,187
115,188
115,189
115,190
115,191
115,192
115,193
115,194
115,195
115,196
115,197
115,198
115,199
115,200
116,117
116,118
116,119
116,120
116,121
116,122
116,123
116,124
116,125
116,126
116,127
116,128
116,129
116,130
116,131
116,132
116,133
116,134
116,135
116,136
116,137
116,138
116,139
116,140
116,141
116,142
116,143
116,144
116,145
116,146
116,147
116,148
116,149
116,150
116,151
116,152
116,153
116,154
116,155
116,156
116,157
116,158
116,159
116,160
116,161
116,162
116,163
116,164
116,165
116,166
116,167
116,168
116,169
116,170
116,171
116,172
116,173
116,174
116,175
116,176
116,177
116,178
116,179
116,180
116,181
116,182
116,183
116,184
116,185
116,186
116,187
116,188
116,189
116,190
116,191
116,192
116,193
116,194
116,195
116,196
116,197
116,198
116,199
116,200
117,118
117,119
117,120
117,121
117,122
117,123
117,124
117,125
117,126
117,127
117,128
117,129
117,130
117,131
117,132
117,133
117,134
117,135
117,136
117,137
117,138
117,139
117,140
117,141
117,142
117,143
117,144
117,145
117,146
117,147
117,148
117,149
117,150
117,151
117,152
117,153
117,154
117,155
117,156
117,157
117,158
117,159
117,160
117,161
117,162
117,163
117,164
117,165
117,166
117,167
117,168
117,169
117,170
117,171
117,172
117,173
117,174
117,175
117,176
117,177
117,178
117,179
117,180
117,181
117,182
117,183
117,184
117,185
117,186
117,187
117,188
117,189
117,190
117,191
117,192
117,193
117,194
117,195
117,196
117,197
117,198
117,199
117,200
118,119
118,120
118,121
118,122
118,123
118,124
118,125
118,126
118,127
118,128
118,129
118,130
118,131
118,132
118,133
118,134
118,135
118,136
118,137
118,138
118,139
118,140
118,141
118,142
118,143
118,144
118,145
118,146
118,147
118,148
118,149
118,150
118,151
118,152
118,153
118,154
118,155
118,156
118,157
118,158
118,159
118,160
118,161
118,162
118,163
118,164
118,165
118,166
118,167
118,168
118,169
118,170
118,171
118,172
118,173
118,174
118,175
118,176
118,177
118,178
118,179
118,180
118,181
118,182
118,183
118,184
118,185
118,186
118,187
118,188
118,189
118,190
118,191
118,192
118,193
118,194
118,195
118,196
118,197
118,198
118,199
118,200
119,120
119,121
119,122
119,123
119,124
119,125
119,126
119,127
119,128
119,129
119,130
119,131
119,132
119,133
119,134
119,135
119,136
119,137
119,138
119,139
119,140
119,141
119,142
119,143
119,144
119,145
119,146
119,147
119,148
119,149
119,150
119,151
119,152
119,153
119,154
119,155
119,156
119,157
119,158
119,159
119,160
119,161
119,162
119,163
119,164
119,165
119,166
119,167
119,168
119,169
119,170
119,171
119,172
119,173
119,174
119,175
119,176
119,177
119,178
119,179
119,180
119,181
119,182
119,183
119,184
119,185
119,186
119,187
119,188
119,189
119,190
119,191
119,192
119,193
119,194
119,195
119,196
119,197
119,198
119,199
119,200
120,121
120,122
120,123
120,124
120,125
120,126
120,127
120,128
120,129
120,130
120,131
120,132
120,133
120,134
120,135
120,136
120,137
120,138
120,139
120,140
120,141
120,142
120,143
120,144
120,145
120,146
120,147
120,148
120,149
120,150
120,151
120,152
120,153
120,154
120,155
120,156
120,157
120,158
120,159
120,160
120,161
120,162
120,163
120,164
120,165
120,166
120,167
120,168
120,169
120,170
120,171
120,172
120,173
120,174
120,175
120,176
120,177
120,178
120,179
120,180
120,181
120,182
120,183
120,184
120,185
120,186
120,187
120,188
120,189
120,190
120,191
120,192
120,193
120,194
120,195
120,196
120,197
120,198
120,199
120,200
121,122
121,123
121,124
121,125
121,126
121,127
121,128
121,129
121,130
121,131
121,132
121,133
121,134
121,135
121,136
121,137
121,138
121,139
121,140
121,141
121,142
121,143
121,144
121,145
121,146
121,147
121,148
121,149
121,150
121,151
121,152
121,153
121,154
121,155
121,156
121,157
121,158
121,159
121,160
121,161
121,162
121,163
121,164
121,165
121,166
121,167
121,168
121,169
121,170
121,171
121,172
121,173
121,174
121,175
121,176
121,177
121,178
121,179
121,180
121,181
121,182
121,183
121,184
121,185
121,186
121,187
121,188
121,189
121,190
121,191
121,192
121,193
121,194
121,195
121,196
121,197
121,198
121,199
121,200
122,123
122,124
122,125
122,126
122,127
122,128
122,129
122,130
122,131
122,132
122,133
122,134
122,135
122,136
122,137
122,138
122,139
122,140
122,141
122,142
122,143
122,144
122,145
122,146
122,147
122,148
122,149
122,150
122,151
122,152
122,153
122,154
122,155
122,156
122,157
122,158
122,159
122,160
122,161
122,162
122,163
122,164
122,165
122,166
122,167
122,168
122,169
122,170
122,171
122,172
122,173
122,174
122,175
122,176
122,177
122,178
122,179
122,180
122,181
122,182
122,183
122,184
122,185
122,186
122,187
122,188
122,189
122,190
122,191
122,192
122,193
122,194
122,195
122,196
122,197
122,198
122,199
122,200
123,124
123,125
123,126
123,127
123,128
123,129
123,130
123,131
123,132
123,133
123,134
123,135
123,136
123,137
123,138
123,139
123,140
123,141
123,142
123,143
123,144
123,145
123,146
123,147
123,148
123,149
123,150
123,151
123,152
123,153
123,154
123,155
123,156
123,157
123,158
123,159
123,160
123,161
123,162
123,163
123,164
123,165
123,166
123,167
123,168
123,169
123,170
123,171
123,172
123,173
123,174
123,175
123,176
123,177
123,178
123,179
123,180
123,181
123,182
123,183
123,184
123,185
123,186
123,187
123,188
123,189
123,190
123,191
123,192
123,193
123,194
123,195
123,196
123,197
123,198
123,199
123,200
124,125
124,126
124,127
124,128
124,129
124,130
124,131
124,132
124,133
124,134
124,135
124,136
124,137
124,138
124,139
124,140
124,141
124,142
124,143
124,144
124,145
124,146
124,147
124,148
124,149
124,150
124,151
124,152
124,153
124,154
124,155
124,156
124,157
124,158
124,159
124,160
124,161
124,162
124,163
124,164
124,165
124,166
124,167
124,168
124,169
124,170
124,171
124,172
124,173
124,174
124,175
124,176
124,177
124,178
124,179
124,180
124,181
124,182
124,183
124,184
124,185
124,186
124,187
124,188
124,189
124,190
124,191
124,192
124,193
124,194
124,195
124,196
124,197
124,198
124,199
124,200
125,126
125,127
125,128
125,129
125,130
125,131
125,132
125,133
125,134
125,135
125,136
125,137
125,138
125,139
125,140
125,141
125,142
125,143
125,144
125,145
125,146
125,147
125,148
125,149
125,150
125,151
125,152
125,153
125,154
125,155
125,156
125,157
125,158
125,159
125,160
125,161
125,162
125,163
125,164
125,165
125,166
125,167
125,168
125,169
125,170
125,171
125,172
125,173
125,174
125,175
125,176
125,177
125,178
125,179
125,180
125,181
125,182
125,183
125,184
125,185
125,186
125,187
125,188
125,189
125,190
125,191
125,192
125,193
125,194
125,195
125,196
125,197
125,198
125,199
125,200
126,127
126,128
126,129
126,130
126,131
126,132
126,133
126,134
126,135
126,136
126,137
126,138
126,139
126,140
126,141
126,142
126,143
126,144
126,145
126,146
126,147
126,148
126,149
126,150
126,151
126,152
126,153
126,154
126,155
126,156
126,157
126,158
126,159
126,160
126,161
126,162
126,163
126,164
126,165
126,166
126,167
126,168
126,169
126,170
126,171
126,172
126,173
126,174
126,175
126,176
126,177
126,178
126,179
126,180
126,181
126,182
126,183
126,184
126,185
126,186
126,187
126,188
126,189
126,190
126,191
126,192
126,193
126,194
126,195
126,196
126,197
126,198
126,199
126,200
127,128
127,129
127,130
127,131
127,132
127,133
127,134
127,135
127,136
127,137
127,138
127,139
127,140
127,141
127,142
127,143
127,144
127,145
127,146
127,147
127,148
127,149
127,150
127,151
127,152
127,153
127,154
127,155
127,156
127,157
127,158
127,159
127,160
127,161
127,162
127,163
127,164
127,165
127,166
127,167
127,168
127,169
127,170
127,171
127,172
127,173
127,174
127,175
127,176
127,177
127,178
127,179
127,180
127,181
127,182
127,183
127,184
127,185
127,186
127,187
127,188
127,189
127,190
127,191
127,192
127,193
127,194
127,195
127,196
127,197
127,198
127,199
127,200
128,129
128,130
128,131
128,132
128,133
128,134
128,135
128,136
128,137
128,138
128,139
128,140
128,141
128,142
128,143
128,144
128,145
128,146
128,147
128,148
128,149
128,150
128,151
128,152
128,153
128,154
128,155
128,156
128,157
128,158
128,159
128,160
128,161
128,162
128,163
128,164
128,165
128,166
128,167
128,168
128,169
128,170
128,171
128,172
128,173
128,174
128,175
128,176
128,177
128,178
128,179
128,180
128,181
128,182
128,183
128,184
128,185
128,186
128,187
128,188
128,189
128,190
128,191
128,192
128,193
128,194
128,195
128,196
128,197
128,198
128,199
128,200
129,130
129,131
129,132
129,133
129,134
129,135
129,136
129,137
129,138
129,139
129,140
129,141
129,142
129,143
129,144
129,145
129,146
129,147
129,148
129,149
129,150
129,151
129,152
129,153
129,154
129,155
129,156
129,157
129,158
129,159
129,160
129,161
129,162
129,163
129,164
129,165
129,166
129,167
129,168
129,169
129,170
129,171
129,172
129,173
129,174
129,175
129,176
129,177
129,178
129,179
129,180
129,181
129,182
129,183
129,184
129,185
129,186
129,187
129,188
129,189
129,190
129,191
129,192
129,193
129,194
129,195
129,196
129,197
129,198
129,199
129,200
130,131
