13,180
13,181
13,182
13,183
13,184
13,185
13,186
13,187
13,188
13,189
13,190
13,191
13,192
13,193
13,194
13,195
13,196
13,197
13,198
13,199
13,200
14,15
14,16
14,17
14,18
14,19
14,20
14,21
14,22
14,23
14,24
14,25
14,26
14,27
14,28
14,29
14,30
14,31
14,32
14,33
14,34
14,35
14,36
14,37
14,38
14,39
14,40
14,41
14,42
14,43
14,44
14,45
14,46
14,47
14,48
14,49
14,50
14,51
14,52
14,53
14,54
14,55
14,56
14,57
14,58
14,59
14,60
14,61
14,62
14,63
14,64
14,65
14,66
14,67
14,68
14,69
14,70
14,71
14,72
14,73
14,74
14,75
14,76
14,77
14,78
14,79
14,80
14,81
14,82
14,83
14,84
14,85
14,86
14,87
14,88
14,89
14,90
14,91
14,92
14,93
14,94
14,95
14,96
14,97
14,98
14,99
14,100
14,101
14,102
14,103
14,104
14,105
14,106
14,107
14,108
14,109
14,110
14,111
14,112
14,113
14,114
14,115
14,116
14,117
14,118
14,119
14,120
14,121
14,122
14,123
14,124
14,125
14,126
14,127
14,128
14,129
14,130
14,131
14,132
14,133
14,134
14,135
14,136
14,137
14,138
14,139
14,140
14,141
14,142
14,143
14,144
14,145
14,146
14,147
14,148
14,149
14,150
14,151
14,152
14,153
14,154
14,155
14,156
14,157
14,158
14,159
14,160
14,161
14,162
14,163
14,164
14,165
14,166
14,167
14,168
14,169
14,170
14,171
14,172
14,173
14,174
14,175
14,176
14,177
14,178
14,179
14,180
14,181
14,182
14,183
14,184
14,185
14,186
14,187
14,188
14,189
14,190
14,191
14,192
14,193
14,194
14,195
14,196
14,197
14,198
14,199
14,200
15,16
15,17
15,18
15,19
15,20
15,21
15,22
15,23
15,24
15,25
15,26
15,27
15,28
15,29
15,30
15,31
15,32
15,33
15,34
15,35
15,36
15,37
15,38
15,39
15,40
15,41
15,42
15,43
15,44
15,45
15,46
15,47
15,48
15,49
15,50
15,51
15,52
15,53
15,54
15,55
15,56
15,57
15,58
15,59
15,60
15,61
15,62
15,63
15,64
15,65
15,66
15,67
15,68
15,69
15,70
15,71
15,72
15,73
15,74
15,75
15,76
15,77
15,78
15,79
15,80
15,81
15,82
15,83
15,84
15,85
15,86
15,87
15,88
15,89
15,90
15,91
15,92
15,93
15,94
15,95
15,96
15,97
15,98
15,99
15,100
15,101
15,102
15,103
15,104
15,105
15,106
15,107
15,108
15,109
15,110
15,111
15,112
15,113
15,114
15,115
15,116
15,117
15,118
15,119
15,120
15,121
15,122
15,123
15,124
15,125
15,126
15,127
15,128
15,129
15,130
15,131
15,132
15,133
15,134
15,135
15,136
15,137
15,138
15,139
15,140
15,141
15,142
15,143
15,144
15,145
15,146
15,147
15,148
15,149
15,150
15,151
15,152
15,153
15,154
15,155
15,156
15,157
15,158
15,159
15,160
15,161
15,162
15,163
15,164
15,165
15,166
15,167
15,168
15,169
15,170
15,171
15,172
15,173
15,174
15,175
15,176
15,177
15,178
15,179
15,180
15,181
15,182
15,183
15,184
15,185
15,186
15,187
15,188
15,189
15,190
15,191
15,192
15,193
15,194
15,195
15,196
15,197
15,198
15,199
15,200
16,17
16,18
16,19
16,20
16,21
16,22
16,23
16,24
16,25
16,26
16,27
16,28
16,29
16,30
16,31
16,32
16,33
16,34
16,35
16,36
16,37
16,38
16,39
16,40
16,41
16,42
16,43
16,44
16,45
16,46
16,47
16,48
16,49
16,50
16,51
16,52
16,53
16,54
16,55
16,56
16,57
16,58
16,59
16,60
16,61
16,62
16,63
16,64
16,65
16,66
16,67
16,68
16,69
16,70
16,71
16,72
16,73
16,74
16,75
16,76
16,77
16,78
16,79
16,80
16,81
16,82
16,83
16,84
16,85
16,86
16,87
16,88
16,89
16,90
16,91
16,92
16,93
16,94
16,95
16,96
16,97
16,98
16,99
16,100
16,101
16,102
16,103
16,104
16,105
16,106
16,107
16,108
16,109
16,110
16,111
16,112
16,113
16,114
16,115
16,116
16,117
16,118
16,119
16,120
16,121
16,122
16,123
16,124
16,125
16,126
16,127
16,128
16,129
16,130
16,131
16,132
16,133
16,134
16,135
16,136
16,137
16,138
16,139
16,140
16,141
16,142
16,143
16,144
16,145
16,146
16,147
16,148
16,149
16,150
16,151
16,152
16,153
16,154
16,155
16,156
16,157
16,158
16,159
16,160
16,161
16,162
16,163
16,164
16,165
16,166
16,167
16,168
16,169
16,170
16,171
16,172
16,173
16,174
16,175
16,176
16,177
16,178
16,179
16,180
16,181
16,182
16,183
16,184
16,185
16,186
16,187
16,188
16,189
16,190
16,191
16,192
16,193
16,194
16,195
16,196
16,197
16,198
16,199
16,200
17,18
17,19
17,20
17,21
17,22
17,23
17,24
17,25
17,26
17,27
17,28
17,29
17,30
17,31
17,32
17,33
17,34
17,35
17,36
17,37
17,38
17,39
17,40
17,41
17,42
17,43
17,44
17,45
17,46
17,47
17,48
17,49
17,50
17,51
17,52
17,53
17,54
17,55
17,56
17,57
17,58
17,59
17,60
17,61
17,62
17,63
17,64
17,65
17,66
17,67
17,68
17,69
17,70
17,71
17,72
17,73
17,74
17,75
17,76
17,77
17,78
17,79
17,80
17,81
17,82
17,83
17,84
17,85
17,86
17,87
17,88
17,89
17,90
17,91
17,92
17,93
17,94
17,95
17,96
17,97
17,98
17,99
17,100
17,101
17,102
17,103
17,104
17,105
17,106
17,107
17,108
17,109
17,110
17,111
17,112
17,113
17,114
17,115
17,116
17,117
17,118
17,119
17,120
17,121
17,122
17,123
17,124
17,125
17,126
17,127
17,128
17,129
17,130
17,131
17,132
17,133
17,134
17,135
17,136
17,137
17,138
17,139
17,140
17,141
17,142
17,143
17,144
17,145
17,146
17,147
17,148
17,149
17,150
17,151
17,152
17,153
17,154
17,155
17,156
17,157
17,158
17,159
17,160
17,161
17,162
17,163
17,164
17,165
17,166
17,167
17,168
17,169
17,170
17,171
17,172
17,173
17,174
17,175
17,176
17,177
17,178
17,179
17,180
17,181
17,182
17,183
17,184
17,185
17,186
17,187
17,188
17,189
17,190
17,191
17,192
17,193
17,194
17,195
17,196
17,197
17,198
17,199
17,200
18,19
18,20
18,21
18,22
18,23
18,24
18,25
18,26
18,27
18,28
18,29
18,30
18,31
18,32
18,33
18,34
18,35
18,36
18,37
18,38
18,39
18,40
18,41
18,42
18,43
18,44
18,45
18,46
18,47
18,48
18,49
18,50
18,51
18,52
18,53
18,54
18,55
18,56
18,57
18,58
18,59
18,60
18,61
18,62
18,63
18,64
18,65
18,66
18,67
18,68
18,69
18,70
18,71
18,72
18,73
18,74
18,75
18,76
18,77
18,78
18,79
18,80
18,81
18,82
18,83
18,84
18,85
18,86
18,87
18,88
18,89
18,90
18,91
18,92
18,93
18,94
18,95
18,96
18,97
18,98
18,99
18,100
18,101
18,102
18,103
18,104
18,105
18,106
18,107
18,108
18,109
18,110
18,111
18,112
18,113
18,114
18,115
18,116
18,117
18,118
18,119
18,120
18,121
18,122
18,123
18,124
18,125
18,126
18,127
18,128
18,129
18,130
18,131
18,132
18,133
18,134
18,135
18,136
18,137
18,138
18,139
18,140
18,141
18,142
18,143
18,144
18,145
18,146
18,147
18,148
18,149
18,150
18,151
18,152
18,153
18,154
18,155
18,156
18,157
18,158
18,159
18,160
18,161
18,162
18,163
18,164
18,165
18,166
18,167
18,168
18,169
18,170
18,171
18,172
18,173
18,174
18,175
18,176
18,177
18,178
18,179
18,180
18,181
18,182
18,183
18,184
18,185
18,186
18,187
18,188
18,189
18,190
18,191
18,192
18,193
18,194
18,195
18,196
18,197
18,198
18,199
18,200
19,20
19,21
19,22
19,23
19,24
19,25
19,26
19,27
19,28
19,29
19,30
19,31
19,32
19,33
19,34
19,35
19,36
19,37
19,38
19,39
19,40
19,41
19,42
19,43
19,44
19,45
19,46
19,47
19,48
19,49
19,50
19,51
19,52
19,53
19,54
19,55
19,56
19,57
19,58
19,59
19,60
19,61
19,62
19,63
19,64
19,65
19,66
19,67
19,68
19,69
19,70
19,71
19,72
19,73
19,74
19,75
19,76
19,77
19,78
19,79
19,80
19,81
19,82
19,83
19,84
19,85
19,86
19,87
19,88
19,89
19,90
19,91
19,92
19,93
19,94
19,95
19,96
19,97
19,98
19,99
19,100
19,101
19,102
19,103
19,104
19,105
19,106
19,107
19,108
19,109
19,110
19,111
19,112
19,113
19,114
19,115
19,116
19,117
19,118
19,119
19,120
19,121
19,122
19,123
19,124
19,125
19,126
19,127
19,128
19,129
19,130
19,131
19,132
19,133
19,134
19,135
19,136
19,137
19,138
19,139
19,140
19,141
19,142
19,143
19,144
19,145
19,146
19,147
19,148
19,149
19,150
19,151
19,152
19,153
19,154
19,155
19,156
19,157
19,158
19,159
19,160
19,161
19,162
19,163
19,164
19,165
19,166
19,167
19,168
19,169
19,170
19,171
19,172
19,173
19,174
19,175
19,176
19,177
19,178
19,179
19,180
19,181
19,182
19,183
19,184
19,185
19,186
19,187
19,188
19,189
19,190
19,191
19,192
19,193
19,194
19,195
19,196
19,197
19,198
19,199
19,200
20,21
20,22
20,23
20,24
20,25
20,26
20,27
20,28
20,29
20,30
20,31
20,32
20,33
20,34
20,35
20,36
20,37
20,38
20,39
20,40
20,41
20,42
20,43
20,44
20,45
20,46
20,47
20,48
20,49
20,50
20,51
20,52
20,53
20,54
20,55
20,56
20,57
20,58
20,59
20,60
20,61
20,62
20,63
20,64
20,65
20,66
20,67
20,68
20,69
20,70
20,71
20,72
20,73
20,74
20,75
20,76
20,77
20,78
20,79
20,80
20,81
20,82
20,83
20,84
20,85
20,86
20,87
20,88
20,89
20,90
20,91
20,92
20,93
20,94
20,95
20,96
20,97
20,98
20,99
20,100
20,101
20,102
20,103
20,104
20,105
20,106
20,107
20,108
20,109
20,110
20,111
20,112
20,113
20,114
20,115
20,116
20,117
20,118
20,119
20,120
20,121
20,122
20,123
20,124
20,125
20,126
20,127
20,128
20,129
20,130
20,131
20,132
20,133
20,134
20,135
20,136
20,137
20,138
20,139
20,140
20,141
20,142
