89,90
89,91
89,92
89,93
89,94
89,95
89,96
89,97
89,98
89,99
89,100
89,101
89,102
89,103
89,104
89,105
89,106
89,107
89,108
89,109
89,110
89,111
89,112
89,113
89,114
89,115
89,116
89,117
89,118
89,119
89,120
89,121
89,122
89,123
89,124
89,125
89,126
89,127
89,128
89,129
89,130
89,131
89,132
89,133
89,134
89,135
89,136
89,137
89,138
89,139
89,140
89,141
89,142
89,143
89,144
89,145
89,146
89,147
89,148
89,149
89,150
89,151
89,152
89,153
89,154
89,155
89,156
89,157
89,158
89,159
89,160
89,161
89,162
89,163
89,164
89,165
89,166
89,167
89,168
89,169
89,170
89,171
89,172
89,173
89,174
89,175
89,176
89,177
89,178
89,179
89,180
89,181
89,182
89,183
89,184
89,185
89,186
89,187
89,188
89,189
89,190
89,191
89,192
89,193
89,194
89,195
89,196
89,197
89,198
89,199
89,200
90,91
90,92
90,93
90,94
90,95
90,96
90,97
90,98
90,99
90,100
90,101
90,102
90,103
90,104
90,105
90,106
90,107
90,108
90,109
90,110
90,111
90,112
90,113
90,114
90,115
90,116
90,117
90,118
90,119
90,120
90,121
90,122
90,123
90,124
90,125
90,126
90,127
90,128
90,129
90,130
90,131
90,132
90,133
90,134
90,135
90,136
90,137
90,138
90,139
90,140
90,141
90,142
90,143
90,144
90,145
90,146
90,147
90,148
90,149
90,150
90,151
90,152
90,153
90,154
90,155
90,156
90,157
90,158
90,159
90,160
90,161
90,162
90,163
90,164
90,165
90,166
90,167
90,168
90,169
90,170
90,171
90,172
90,173
90,174
90,175
90,176
90,177
90,178
90,179
90,180
90,181
90,182
90,183
90,184
90,185
90,186
90,187
90,188
90,189
90,190
90,191
90,192
90,193
90,194
90,195
90,196
90,197
90,198
90,199
90,200
91,92
91,93
91,94
91,95
91,96
91,97
91,98
91,99
91,100
91,101
91,102
91,103
91,104
91,105
91,106
91,107
91,108
91,109
91,110
91,111
91,112
91,113
91,114
91,115
91,116
91,117
91,118
91,119
91,120
91,121
91,122
91,123
91,124
91,125
91,126
91,127
91,128
91,129
91,130
91,131
91,132
91,133
91,134
91,135
91,136
91,137
91,138
91,139
91,140
91,141
91,142
91,143
91,144
91,145
91,146
91,147
91,148
91,149
91,150
91,151
91,152
91,153
91,154
91,155
91,156
91,157
91,158
91,159
91,160
91,161
91,162
91,163
91,164
91,165
91,166
91,167
91,168
91,169
91,170
91,171
91,172
91,173
91,174
91,175
91,176
91,177
91,178
91,179
91,180
91,181
91,182
91,183
91,184
91,185
91,186
91,187
91,188
91,189
91,190
91,191
91,192
91,193
91,194
91,195
91,196
91,197
91,198
91,199
91,200
92,93
92,94
92,95
92,96
92,97
92,98
92,99
92,100
92,101
92,102
92,103
92,104
92,105
92,106
92,107
92,108
92,109
92,110
92,111
92,112
92,113
92,114
92,115
92,116
92,117
92,118
92,119
92,120
92,121
92,122
92,123
92,124
92,125
92,126
92,127
92,128
92,129
92,130
92,131
92,132
92,133
92,134
92,135
92,136
92,137
92,138
92,139
92,140
92,141
92,142
92,143
92,144
92,145
92,146
92,147
92,148
92,149
92,150
92,151
92,152
92,153
92,154
92,155
92,156
92,157
92,158
92,159
92,160
92,161
92,162
92,163
92,164
92,165
92,166
92,167
92,168
92,169
92,170
92,171
92,172
92,173
92,174
92,175
92,176
92,177
92,178
92,179
92,180
92,181
92,182
92,183
92,184
92,185
92,186
92,187
92,188
92,189
92,190
92,191
92,192
92,193
92,194
92,195
92,196
92,197
92,198
92,199
92,200
93,94
93,95
93,96
93,97
93,98
93,99
93,100
93,101
93,102
93,103
93,104
93,105
93,106
93,107
93,108
93,109
93,110
93,111
93,112
93,113
93,114
93,115
93,116
93,117
93,118
93,119
93,120
93,121
93,122
93,123
93,124
93,125
93,126
93,127
93,128
93,129
93,130
93,131
93,132
93,133
93,134
93,135
93,136
93,137
93,138
93,139
93,140
93,141
93,142
93,143
93,144
93,145
93,146
93,147
93,148
93,149
93,150
93,151
93,152
93,153
93,154
93,155
93,156
93,157
93,158
93,159
93,160
93,161
93,162
93,163
93,164
93,165
93,166
93,167
93,168
93,169
93,170
93,171
93,172
93,173
93,174
93,175
93,176
93,177
93,178
93,179
93,180
93,181
93,182
93,183
93,184
93,185
93,186
93,187
93,188
93,189
93,190
93,191
93,192
93,193
93,194
93,195
93,196
93,197
93,198
93,199
93,200
94,95
94,96
94,97
94,98
94,99
94,100
94,101
94,102
94,103
94,104
94,105
94,106
94,107
94,108
94,109
94,110
94,111
94,112
94,113
94,114
94,115
94,116
94,117
94,118
94,119
94,120
94,121
94,122
94,123
94,124
94,125
94,126
94,127
94,128
94,129
94,130
94,131
94,132
94,133
94,134
94,135
94,136
94,137
94,138
94,139
94,140
94,141
94,142
94,143
94,144
94,145
94,146
94,147
94,148
94,149
94,150
94,151
94,152
94,153
94,154
94,155
94,156
94,157
94,158
94,159
94,160
94,161
94,162
94,163
94,164
94,165
94,166
94,167
94,168
94,169
94,170
94,171
94,172
94,173
94,174
94,175
94,176
94,177
94,178
94,179
94,180
94,181
94,182
94,183
94,184
94,185
94,186
94,187
94,188
94,189
94,190
94,191
94,192
94,193
94,194
94,195
94,196
94,197
94,198
94,199
94,200
95,96
95,97
95,98
95,99
95,100
95,101
95,102
95,103
95,104
95,105
95,106
95,107
95,108
95,109
95,110
95,111
95,112
95,113
95,114
95,115
95,116
95,117
95,118
95,119
95,120
95,121
95,122
95,123
95,124
95,125
95,126
95,127
95,128
95,129
95,130
95,131
95,132
95,133
95,134
95,135
95,136
95,137
95,138
95,139
95,140
95,141
95,142
95,143
95,144
95,145
95,146
95,147
95,148
95,149
95,150
95,151
95,152
95,153
95,154
95,155
95,156
95,157
95,158
95,159
95,160
95,161
95,162
95,163
95,164
95,165
95,166
95,167
95,168
95,169
95,170
95,171
95,172
95,173
95,174
95,175
95,176
95,177
95,178
95,179
95,180
95,181
95,182
95,183
95,184
95,185
95,186
95,187
95,188
95,189
95,190
95,191
95,192
95,193
95,194
95,195
95,196
95,197
95,198
95,199
95,200
96,97
96,98
96,99
96,100
96,101
96,102
96,103
96,104
96,105
96,106
96,107
96,108
96,109
96,110
96,111
96,112
96,113
96,114
96,115
96,116
96,117
96,118
96,119
96,120
96,121
96,122
96,123
96,124
96,125
96,126
96,127
96,128
96,129
96,130
96,131
96,132
96,133
96,134
96,135
96,136
96,137
96,138
96,139
96,140
96,141
96,142
96,143
96,144
96,145
96,146
96,147
96,148
96,149
96,150
96,151
96,152
96,153
96,154
96,155
96,156
96,157
96,158
96,159
96,160
96,161
96,162
96,163
96,164
96,165
96,166
96,167
96,168
96,169
96,170
96,171
96,172
96,173
96,174
96,175
96,176
96,177
96,178
96,179
96,180
96,181
96,182
96,183
96,184
96,185
96,186
96,187
96,188
96,189
96,190
96,191
96,192
96,193
96,194
96,195
96,196
96,197
96,198
96,199
96,200
97,98
97,99
97,100
97,101
97,102
97,103
97,104
97,105
97,106
97,107
97,108
97,109
97,110
97,111
97,112
97,113
97,114
97,115
97,116
97,117
97,118
97,119
97,120
97,121
97,122
97,123
97,124
97,125
97,126
97,127
97,128
97,129
97,130
97,131
97,132
97,133
97,134
97,135
97,136
97,137
97,138
97,139
97,140
97,141
97,142
97,143
97,144
97,145
97,146
97,147
97,148
97,149
97,150
97,151
97,152
97,153
97,154
97,155
97,156
97,157
97,158
97,159
97,160
97,161
97,162
97,163
97,164
97,165
97,166
97,167
97,168
97,169
97,170
97,171
97,172
97,173
97,174
97,175
97,176
97,177
97,178
97,179
97,180
97,181
97,182
97,183
97,184
97,185
97,186
97,187
97,188
97,189
97,190
97,191
97,192
97,193
97,194
97,195
97,196
97,197
97,198
97,199
97,200
98,99
98,100
98,101
98,102
98,103
98,104
98,105
98,106
98,107
98,108
98,109
98,110
98,111
98,112
98,113
98,114
98,115
98,116
98,117
98,118
98,119
98,120
98,121
98,122
98,123
98,124
98,125
98,126
98,127
98,128
98,129
98,130
98,131
98,132
98,133
98,134
98,135
98,136
98,137
98,138
98,139
98,140
98,141
98,142
98,143
98,144
98,145
98,146
98,147
98,148
98,149
98,150
98,151
98,152
98,153
98,154
98,155
98,156
98,157
98,158
98,159
98,160
98,161
98,162
98,163
98,164
98,165
98,166
98,167
98,168
98,169
98,170
98,171
98,172
98,173
98,174
98,175
98,176
98,177
98,178
98,179
98,180
98,181
98,182
98,183
98,184
98,185
98,186
98,187
98,188
98,189
98,190
98,191
98,192
98,193
98,194
98,195
98,196
98,197
98,198
98,199
98,200
99,100
99,101
99,102
99,103
99,104
99,105
99,106
99,107
99,108
99,109
99,110
99,111
99,112
99,113
99,114
99,115
99,116
99,117
99,118
99,119
99,120
99,121
99,122
99,123
99,124
99,125
99,126
99,127
99,128
99,129
99,130
99,131
99,132
99,133
99,134
99,135
99,136
99,137
99,138
99,139
99,140
99,141
99,142
99,143
99,144
99,145
99,146
99,147
99,148
99,149
99,150
99,151
99,152
99,153
99,154
99,155
99,156
99,157
99,158
99,159
99,160
99,161
99,162
99,163
99,164
99,165
99,166
99,167
99,168
99,169
99,170
99,171
99,172
99,173
99,174
99,175
99,176
99,177
99,178
99,179
99,180
99,181
99,182
99,183
99,184
99,185
99,186
99,187
99,188
99,189
99,190
99,191
99,192
99,193
99,194
99,195
99,196
99,197
99,198
99,199
99,200
100,101
100,102
100,103
100,104
100,105
100,106
100,107
100,108
100,109
100,110
100,111
100,112
100,113
100,114
100,115
100,116
100,117
100,118
100,119
100,120
100,121
100,122
100,123
100,124
100,125
100,126
100,127
100,128
100,129
100,130
100,131
100,132
100,133
100,134
100,135
100,136
100,137
100,138
100,139
100,140
100,141
100,142
100,143
100,144
100,145
100,146
100,147
100,148
100,149
100,150
100,151
100,152
100,153
100,154
100,155
100,156
100,157
100,158
100,159
100,160
100,161
100,162
100,163
100,164
100,165
100,166
100,167
100,168
100,169
100,170
100,171
100,172
100,173
100,174
100,175
100,176
100,177
100,178
