78,122
78,123
78,124
78,125
78,126
78,127
78,128
78,129
78,130
78,131
78,132
78,133
78,134
78,135
78,136
78,137
78,138
78,139
78,140
78,141
78,142
78,143
78,144
78,145
78,146
78,147
78,148
78,149
78,150
78,151
78,152
78,153
78,154
78,155
78,156
78,157
78,158
78,159
78,160
78,161
78,162
78,163
78,164
78,165
78,166
78,167
78,168
78,169
78,170
78,171
78,172
78,173
78,174
78,175
78,176
78,177
78,178
78,179
78,180
78,181
78,182
78,183
78,184
78,185
78,186
78,187
78,188
78,189
78,190
78,191
78,192
78,193
78,194
78,195
78,196
78,197
78,198
78,199
78,200
79,80
79,81
79,82
79,83
79,84
79,85
79,86
79,87
79,88
79,89
79,90
79,91
79,92
79,93
79,94
79,95
79,96
79,97
79,98
79,99
79,100
79,101
79,102
79,103
79,104
79,105
79,106
79,107
79,108
79,109
79,110
79,111
79,112
79,113
79,114
79,115
79,116
79,117
79,118
79,119
79,120
79,121
79,122
79,123
79,124
79,125
79,126
79,127
79,128
79,129
79,130
79,131
79,132
79,133
79,134
79,135
79,136
79,137
79,138
79,139
79,140
79,141
79,142
79,143
79,144
79,145
79,146
79,147
79,148
79,149
79,150
79,151
79,152
79,153
79,154
79,155
79,156
79,157
79,158
79,159
79,160
79,161
79,162
79,163
79,164
79,165
79,166
79,167
79,168
79,169
79,170
79,171
79,172
79,173
79,174
79,175
79,176
79,177
79,178
79,179
79,180
79,181
79,182
79,183
79,184
79,185
79,186
79,187
79,188
79,189
79,190
79,191
79,192
79,193
79,194
79,195
79,196
79,197
79,198
79,199
79,200
80,81
80,82
80,83
80,84
80,85
80,86
80,87
80,88
80,89
80,90
80,91
80,92
80,93
80,94
80,95
80,96
80,97
80,98
80,99
80,100
80,101
80,102
80,103
80,104
80,105
80,106
80,107
80,108
80,109
80,110
80,111
80,112
80,113
80,114
80,115
80,116
80,117
80,118
80,119
80,120
80,121
80,122
80,123
80,124
80,125
80,126
80,127
80,128
80,129
80,130
80,131
80,132
80,133
80,134
80,135
80,136
80,137
80,138
80,139
80,140
80,141
80,142
80,143
80,144
80,145
80,146
80,147
80,148
80,149
80,150
80,151
80,152
80,153
80,154
80,155
80,156
80,157
80,158
80,159
80,160
80,161
80,162
80,163
80,164
80,165
80,166
80,167
80,168
80,169
80,170
80,171
80,172
80,173
80,174
80,175
80,176
80,177
80,178
80,179
80,180
80,181
80,182
80,183
80,184
80,185
80,186
80,187
80,188
80,189
80,190
80,191
80,192
80,193
80,194
80,195
80,196
80,197
80,198
80,199
80,200
81,82
81,83
81,84
81,85
81,86
81,87
81,88
81,89
81,90
81,91
81,92
81,93
81,94
81,95
81,96
81,97
81,98
81,99
81,100
81,101
81,102
81,103
81,104
81,105
81,106
81,107
81,108
81,109
81,110
81,111
81,112
81,113
81,114
81,115
81,116
81,117
81,118
81,119
81,120
81,121
81,122
81,123
81,124
81,125
81,126
81,127
81,128
81,129
81,130
81,131
81,132
81,133
81,134
81,135
81,136
81,137
81,138
81,139
81,140
81,141
81,142
81,143
81,144
81,145
81,146
81,147
81,148
81,149
81,150
81,151
81,152
81,153
81,154
81,155
81,156
81,157
81,158
81,159
81,160
81,161
81,162
81,163
81,164
81,165
81,166
81,167
81,168
81,169
81,170
81,171
81,172
81,173
81,174
81,175
81,176
81,177
81,178
81,179
81,180
81,181
81,182
81,183
81,184
81,185
81,186
81,187
81,188
81,189
81,190
81,191
81,192
81,193
81,194
81,195
81,196
81,197
81,198
81,199
81,200
82,83
82,84
82,85
82,86
82,87
82,88
82,89
82,90
82,91
82,92
82,93
82,94
82,95
82,96
82,97
82,98
82,99
82,100
82,101
82,102
82,103
82,104
82,105
82,106
82,107
82,108
82,109
82,110
82,111
82,112
82,113
82,114
82,115
82,116
82,117
82,118
82,119
82,120
82,121
82,122
82,123
82,124
82,125
82,126
82,127
82,128
82,129
82,130
82,131
82,132
82,133
82,134
82,135
82,136
82,137
82,138
82,139
82,140
82,141
82,142
82,143
82,144
82,145
82,146
82,147
82,148
82,149
82,150
82,151
82,152
82,153
82,154
82,155
82,156
82,157
82,158
82,159
82,160
82,161
82,162
82,163
82,164
82,165
82,166
82,167
82,168
82,169
82,170
82,171
82,172
82,173
82,174
82,175
82,176
82,177
82,178
82,179
82,180
82,181
82,182
82,183
82,184
82,185
82,186
82,187
82,188
82,189
82,190
82,191
82,192
82,193
82,194
82,195
82,196
82,197
82,198
82,199
82,200
83,84
83,85
83,86
83,87
83,88
83,89
83,90
83,91
83,92
83,93
83,94
83,95
83,96
83,97
83,98
83,99
83,100
83,101
83,102
83,103
83,104
83,105
83,106
83,107
83,108
83,109
83,110
83,111
83,112
83,113
83,114
83,115
83,116
83,117
83,118
83,119
83,120
83,121
83,122
83,123
83,124
83,125
83,126
83,127
83,128
83,129
83,130
83,131
83,132
83,133
83,134
83,135
83,136
83,137
83,138
83,139
83,140
83,141
83,142
83,143
83,144
83,145
83,146
83,147
83,148
83,149
83,150
83,151
83,152
83,153
83,154
83,155
83,156
83,157
83,158
83,159
83,160
83,161
83,162
83,163
83,164
83,165
83,166
83,167
83,168
83,169
83,170
83,171
83,172
83,173
83,174
83,175
83,176
83,177
83,178
83,179
83,180
83,181
83,182
83,183
83,184
83,185
83,186
83,187
83,188
83,189
83,190
83,191
83,192
83,193
83,194
83,195
83,196
83,197
83,198
83,199
83,200
84,85
84,86
84,87
84,88
84,89
84,90
84,91
84,92
84,93
84,94
84,95
84,96
84,97
84,98
84,99
84,100
84,101
84,102
84,103
84,104
84,105
84,106
84,107
84,108
84,109
84,110
84,111
84,112
84,113
84,114
84,115
84,116
84,117
84,118
84,119
84,120
84,121
84,122
84,123
84,124
84,125
84,126
84,127
84,128
84,129
84,130
84,131
84,132
84,133
84,134
84,135
84,136
84,137
84,138
84,139
84,140
84,141
84,142
84,143
84,144
84,145
84,146
84,147
84,148
84,149
84,150
84,151
84,152
84,153
84,154
84,155
84,156
84,157
84,158
84,159
84,160
84,161
84,162
84,163
84,164
84,165
84,166
84,167
84,168
84,169
84,170
84,171
84,172
84,173
84,174
84,175
84,176
84,177
84,178
84,179
84,180
84,181
84,182
84,183
84,184
84,185
84,186
84,187
84,188
84,189
84,190
84,191
84,192
84,193
84,194
84,195
84,196
84,197
84,198
84,199
84,200
85,86
85,87
85,88
85,89
85,90
85,91
85,92
85,93
85,94
85,95
85,96
85,97
85,98
85,99
85,100
85,101
85,102
85,103
85,104
85,105
85,106
85,107
85,108
85,109
85,110
85,111
85,112
85,113
85,114
85,115
85,116
85,117
85,118
85,119
85,120
85,121
85,122
85,123
85,124
85,125
85,126
85,127
85,128
85,129
85,130
85,131
85,132
85,133
85,134
85,135
85,136
85,137
85,138
85,139
85,140
85,141
85,142
85,143
85,144
85,145
85,146
85,147
85,148
85,149
85,150
85,151
85,152
85,153
85,154
85,155
85,156
85,157
85,158
85,159
85,160
85,161
85,162
85,163
85,164
85,165
85,166
85,167
85,168
85,169
85,170
85,171
85,172
85,173
85,174
85,175
85,176
85,177
85,178
85,179
85,180
85,181
85,182
85,183
85,184
85,185
85,186
85,187
85,188
85,189
85,190
85,191
85,192
85,193
85,194
85,195
85,196
85,197
85,198
85,199
85,200
86,87
86,88
86,89
86,90
86,91
86,92
86,93
86,94
86,95
86,96
86,97
86,98
86,99
86,100
86,101
86,102
86,103
86,104
86,105
86,106
86,107
86,108
86,109
86,110
86,111
86,112
86,113
86,114
86,115
86,116
86,117
86,118
86,119
86,120
86,121
86,122
86,123
86,124
86,125
86,126
86,127
86,128
86,129
86,130
86,131
86,132
86,133
86,134
86,135
86,136
86,137
86,138
86,139
86,140
86,141
86,142
86,143
86,144
86,145
86,146
86,147
86,148
86,149
86,150
86,151
86,152
86,153
86,154
86,155
86,156
86,157
86,158
86,159
86,160
86,161
86,162
86,163
86,164
86,165
86,166
86,167
86,168
86,169
86,170
86,171
86,172
86,173
86,174
86,175
86,176
86,177
86,178
86,179
86,180
86,181
86,182
86,183
86,184
86,185
86,186
86,187
86,188
86,189
86,190
86,191
86,192
86,193
86,194
86,195
86,196
86,197
86,198
86,199
86,200
87,88
87,89
87,90
87,91
87,92
87,93
87,94
87,95
87,96
87,97
87,98
87,99
87,100
87,101
87,102
87,103
87,104
87,105
87,106
87,107
87,108
87,109
87,110
87,111
87,112
87,113
87,114
87,115
87,116
87,117
87,118
87,119
87,120
87,121
87,122
87,123
87,124
87,125
87,126
87,127
87,128
87,129
87,130
87,131
87,132
87,133
87,134
87,135
87,136
87,137
87,138
87,139
87,140
87,141
87,142
87,143
87,144
87,145
87,146
87,147
87,148
87,149
87,150
87,151
87,152
87,153
87,154
87,155
87,156
87,157
87,158
87,159
87,160
87,161
87,162
87,163
87,164
87,165
87,166
87,167
87,168
87,169
87,170
87,171
87,172
87,173
87,174
87,175
87,176
87,177
87,178
87,179
87,180
87,181
87,182
87,183
87,184
87,185
87,186
87,187
87,188
87,189
87,190
87,191
87,192
87,193
87,194
87,195
87,196
87,197
87,198
87,199
87,200
88,89
88,90
88,91
88,92
88,93
88,94
88,95
88,96
88,97
88,98
88,99
88,100
88,101
88,102
88,103
88,104
88,105
88,106
88,107
88,108
88,109
88,110
88,111
88,112
88,113
88,114
88,115
88,116
88,117
88,118
88,119
88,120
88,121
88,122
88,123
88,124
88,125
88,126
88,127
88,128
88,129
88,130
88,131
88,132
88,133
88,134
88,135
88,136
88,137
88,138
88,139
88,140
88,141
88,142
88,143
88,144
88,145
88,146
88,147
88,148
88,149
88,150
88,151
88,152
88,153
88,154
88,155
88,156
88,157
88,158
88,159
88,160
88,161
88,162
88,163
88,164
88,165
88,166
88,167
88,168
88,169
88,170
88,171
88,172
88,173
88,174
88,175
88,176
88,177
88,178
88,179
88,180
88,181
88,182
88,183
88,184
88,185
88,186
88,187
88,188
88,189
88,190
88,191
88,192
88,193
88,194
88,195
88,196
88,197
88,198
88,199
88,200
