20,143
20,144
20,145
20,146
20,147
20,148
20,149
20,150
20,151
20,152
20,153
20,154
20,155
20,156
20,157
20,158
20,159
20,160
20,161
20,162
20,163
20,164
20,165
20,166
20,167
20,168
20,169
20,170
20,171
20,172
20,173
20,174
20,175
20,176
20,177
20,178
20,179
20,180
20,181
20,182
20,183
20,184
20,185
20,186
20,187
20,188
20,189
20,190
20,191
20,192
20,193
20,194
20,195
20,196
20,197
20,198
20,199
20,200
21,22
21,23
21,24
21,25
21,26
21,27
21,28
21,29
21,30
21,31
21,32
21,33
21,34
21,35
21,36
21,37
21,38
21,39
21,40
21,41
21,42
21,43
21,44
21,45
21,46
21,47
21,48
21,49
21,50
21,51
21,52
21,53
21,54
21,55
21,56
21,57
21,58
21,59
21,60
21,61
21,62
21,63
21,64
21,65
21,66
21,67
21,68
21,69
21,70
21,71
21,72
21,73
21,74
21,75
21,76
21,77
21,78
21,79
21,80
21,81
21,82
21,83
21,84
21,85
21,86
21,87
21,88
21,89
21,90
21,91
21,92
21,93
21,94
21,95
21,96
21,97
21,98
21,99
21,100
21,101
21,102
21,103
21,104
21,105
21,106
21,107
21,108
21,109
21,110
21,111
21,112
21,113
21,114
21,115
21,116
21,117
21,118
21,119
21,120
21,121
21,122
21,123
21,124
21,125
21,126
21,127
21,128
21,129
21,130
21,131
21,132
21,133
21,134
21,135
21,136
21,137
21,138
21,139
21,140
21,141
21,142
21,143
21,144
21,145
21,146
21,147
21,148
21,149
21,150
21,151
21,152
21,153
21,154
21,155
21,156
21,157
21,158
21,159
21,160
21,161
21,162
21,163
21,164
21,165
21,166
21,167
21,168
21,169
21,170
21,171
21,172
21,173
21,174
21,175
21,176
21,177
21,178
21,179
21,180
21,181
21,182
21,183
21,184
21,185
21,186
21,187
21,188
21,189
21,190
21,191
21,192
21,193
21,194
21,195
21,196
21,197
21,198
21,199
21,200
22,23
22,24
22,25
22,26
22,27
22,28
22,29
22,30
22,31
22,32
22,33
22,34
22,35
22,36
22,37
22,38
22,39
22,40
22,41
22,42
22,43
22,44
22,45
22,46
22,47
22,48
22,49
22,50
22,51
22,52
22,53
22,54
22,55
22,56
22,57
22,58
22,59
22,60
22,61
22,62
22,63
22,64
22,65
22,66
22,67
22,68
22,69
22,70
22,71
22,72
22,73
22,74
22,75
22,76
22,77
22,78
22,79
22,80
22,81
22,82
22,83
22,84
22,85
22,86
22,87
22,88
22,89
22,90
22,91
22,92
22,93
22,94
22,95
22,96
22,97
22,98
22,99
22,100
22,101
22,102
22,103
22,104
22,105
22,106
22,107
22,108
22,109
22,110
22,111
22,112
22,113
22,114
22,115
22,116
22,117
22,118
22,119
22,120
22,121
22,122
22,123
22,124
22,125
22,126
22,127
22,128
22,129
22,130
22,131
22,132
22,133
22,134
22,135
22,136
22,137
22,138
22,139
22,140
22,141
22,142
22,143
22,144
22,145
22,146
22,147
22,148
22,149
22,150
22,151
22,152
22,153
22,154
22,155
22,156
22,157
22,158
22,159
22,160
22,161
22,162
22,163
22,164
22,165
22,166
22,167
22,168
22,169
22,170
22,171
22,172
22,173
22,174
22,175
22,176
22,177
22,178
22,179
22,180
22,181
22,182
22,183
22,184
22,185
22,186
22,187
22,188
22,189
22,190
22,191
22,192
22,193
22,194
22,195
22,196
22,197
22,198
22,199
22,200
23,24
23,25
23,26
23,27
23,28
23,29
23,30
23,31
23,32
23,33
23,34
23,35
23,36
23,37
23,38
23,39
23,40
23,41
23,42
23,43
23,44
23,45
23,46
23,47
23,48
23,49
23,50
23,51
23,52
23,53
23,54
23,55
23,56
23,57
23,58
23,59
23,60
23,61
23,62
23,63
23,64
23,65
23,66
23,67
23,68
23,69
23,70
23,71
23,72
23,73
23,74
23,75
23,76
23,77
23,78
23,79
23,80
23,81
23,82
23,83
23,84
23,85
23,86
23,87
23,88
23,89
23,90
23,91
23,92
23,93
23,94
23,95
23,96
23,97
23,98
23,99
23,100
23,101
23,102
23,103
23,104
23,105
23,106
23,107
23,108
23,109
23,110
23,111
23,112
23,113
23,114
23,115
23,116
23,117
23,118
23,119
23,120
23,121
23,122
23,123
23,124
23,125
23,126
23,127
23,128
23,129
23,130
23,131
23,132
23,133
23,134
23,135
23,136
23,137
23,138
23,139
23,140
23,141
23,142
23,143
23,144
23,145
23,146
23,147
23,148
23,149
23,150
23,151
23,152
23,153
23,154
23,155
23,156
23,157
23,158
23,159
23,160
23,161
23,162
23,163
23,164
23,165
23,166
23,167
23,168
23,169
23,170
23,171
23,172
23,173
23,174
23,175
23,176
23,177
23,178
23,179
23,180
23,181
23,182
23,183
23,184
23,185
23,186
23,187
23,188
23,189
23,190
23,191
23,192
23,193
23,194
23,195
23,196
23,197
23,198
23,199
23,200
24,25
24,26
24,27
24,28
24,29
24,30
24,31
24,32
24,33
24,34
24,35
24,36
24,37
24,38
24,39
24,40
24,41
24,42
24,43
24,44
24,45
24,46
24,47
24,48
24,49
24,50
24,51
24,52
24,53
24,54
24,55
24,56
24,57
24,58
24,59
24,60
24,61
24,62
24,63
24,64
24,65
24,66
24,67
24,68
24,69
24,70
24,71
24,72
24,73
24,74
24,75
24,76
24,77
24,78
24,79
24,80
24,81
24,82
24,83
24,84
24,85
24,86
24,87
24,88
24,89
24,90
24,91
24,92
24,93
24,94
24,95
24,96
24,97
24,98
24,99
24,100
24,101
24,102
24,103
24,104
24,105
24,106
24,107
24,108
24,109
24,110
24,111
24,112
24,113
24,114
24,115
24,116
24,117
24,118
24,119
24,120
24,121
24,122
24,123
24,124
24,125
24,126
24,127
24,128
24,129
24,130
24,131
24,132
24,133
24,134
24,135
24,136
24,137
24,138
24,139
24,140
24,141
24,142
24,143
24,144
24,145
24,146
24,147
24,148
24,149
24,150
24,151
24,152
24,153
24,154
24,155
24,156
24,157
24,158
24,159
24,160
24,161
24,162
24,163
24,164
24,165
24,166
24,167
24,168
24,169
24,170
24,171
24,172
24,173
24,174
24,175
24,176
24,177
24,178
24,179
24,180
24,181
24,182
24,183
24,184
24,185
24,186
24,187
24,188
24,189
24,190
24,191
24,192
24,193
24,194
24,195
24,196
24,197
24,198
24,199
24,200
25,26
25,27
25,28
25,29
25,30
25,31
25,32
25,33
25,34
25,35
25,36
25,37
25,38
25,39
25,40
25,41
25,42
25,43
25,44
25,45
25,46
25,47
25,48
25,49
25,50
25,51
25,52
25,53
25,54
25,55
25,56
25,57
25,58
25,59
25,60
25,61
25,62
25,63
25,64
25,65
25,66
25,67
25,68
25,69
25,70
25,71
25,72
25,73
25,74
25,75
25,76
25,77
25,78
25,79
25,80
25,81
25,82
25,83
25,84
25,85
25,86
25,87
25,88
25,89
25,90
25,91
25,92
25,93
25,94
25,95
25,96
25,97
25,98
25,99
25,100
25,101
25,102
25,103
25,104
25,105
25,106
25,107
25,108
25,109
25,110
25,111
25,112
25,113
25,114
25,115
25,116
25,117
25,118
25,119
25,120
25,121
25,122
25,123
25,124
25,125
25,126
25,127
25,128
25,129
25,130
25,131
25,132
25,133
25,134
25,135
25,136
25,137
25,138
25,139
25,140
25,141
25,142
25,143
25,144
25,145
25,146
25,147
25,148
25,149
25,150
25,151
25,152
25,153
25,154
25,155
25,156
25,157
25,158
25,159
25,160
25,161
25,162
25,163
25,164
25,165
25,166
25,167
25,168
25,169
25,170
25,171
25,172
25,173
25,174
25,175
25,176
25,177
25,178
25,179
25,180
25,181
25,182
25,183
25,184
25,185
25,186
25,187
25,188
25,189
25,190
25,191
25,192
25,193
25,194
25,195
25,196
25,197
25,198
25,199
25,200
26,27
26,28
26,29
26,30
26,31
26,32
26,33
26,34
26,35
26,36
26,37
26,38
26,39
26,40
26,41
26,42
26,43
26,44
26,45
26,46
26,47
26,48
26,49
26,50
26,51
26,52
26,53
26,54
26,55
26,56
26,57
26,58
26,59
26,60
26,61
26,62
26,63
26,64
26,65
26,66
26,67
26,68
26,69
26,70
26,71
26,72
26,73
26,74
26,75
26,76
26,77
26,78
26,79
26,80
26,81
26,82
26,83
26,84
26,85
26,86
26,87
26,88
26,89
26,90
26,91
26,92
26,93
26,94
26,95
26,96
26,97
26,98
26,99
26,100
26,101
26,102
26,103
26,104
26,105
26,106
26,107
26,108
26,109
26,110
26,111
26,112
26,113
26,114
26,115
26,116
26,117
26,118
26,119
26,120
26,121
26,122
26,123
26,124
26,125
26,126
26,127
26,128
26,129
26,130
26,131
26,132
26,133
26,134
26,135
26,136
26,137
26,138
26,139
26,140
26,141
26,142
26,143
26,144
26,145
26,146
26,147
26,148
26,149
26,150
26,151
26,152
26,153
26,154
26,155
26,156
26,157
26,158
26,159
26,160
26,161
26,162
26,163
26,164
26,165
26,166
26,167
26,168
26,169
26,170
26,171
26,172
26,173
26,174
26,175
26,176
26,177
26,178
26,179
26,180
26,181
26,182
26,183
26,184
26,185
26,186
26,187
26,188
26,189
26,190
26,191
26,192
26,193
26,194
26,195
26,196
26,197
26,198
26,199
26,200
27,28
27,29
27,30
27,31
27,32
27,33
27,34
27,35
27,36
27,37
27,38
27,39
27,40
27,41
27,42
27,43
27,44
27,45
27,46
27,47
27,48
27,49
27,50
27,51
27,52
27,53
27,54
27,55
27,56
27,57
27,58
27,59
27,60
27,61
27,62
27,63
27,64
27,65
27,66
27,67
27,68
27,69
27,70
27,71
27,72
27,73
27,74
27,75
27,76
27,77
27,78
27,79
27,80
27,81
27,82
27,83
27,84
27,85
27,86
27,87
27,88
27,89
27,90
27,91
27,92
27,93
27,94
27,95
27,96
27,97
27,98
27,99
27,100
27,101
27,102
27,103
27,104
27,105
27,106
27,107
27,108
27,109
27,110
27,111
27,112
27,113
27,114
27,115
27,116
27,117
27,118
27,119
27,120
27,121
27,122
27,123
27,124
27,125
27,126
27,127
27,128
27,129
27,130
27,131
27,132
27,133
27,134
27,135
27,136
27,137
27,138
27,139
27,140
27,141
27,142
27,143
27,144
27,145
27,146
27,147
27,148
27,149
27,150
27,151
27,152
27,153
27,154
