59,123
59,124
59,125
59,126
59,127
59,128
59,129
59,130
59,131
59,132
59,133
59,134
59,135
59,136
59,137
59,138
59,139
59,140
59,141
59,142
59,143
59,144
59,145
59,146
59,147
59,148
59,149
59,150
59,151
59,152
59,153
59,154
59,155
59,156
59,157
59,158
59,159
59,160
59,161
59,162
59,163
59,164
59,165
59,166
59,167
59,168
59,169
59,170
59,171
59,172
59,173
59,174
59,175
59,176
59,177
59,178
59,179
59,180
59,181
59,182
59,183
59,184
59,185
59,186
59,187
59,188
59,189
59,190
59,191
59,192
59,193
59,194
59,195
59,196
59,197
59,198
59,199
59,200
60,61
60,62
60,63
60,64
60,65
60,66
60,67
60,68
60,69
60,70
60,71
60,72
60,73
60,74
60,75
60,76
60,77
60,78
60,79
60,80
60,81
60,82
60,83
60,84
60,85
60,86
60,87
60,88
60,89
60,90
60,91
60,92
60,93
60,94
60,95
60,96
60,97
60,98
60,99
60,100
60,101
60,102
60,103
60,104
60,105
60,106
60,107
60,108
60,109
60,110
60,111
60,112
60,113
60,114
60,115
60,116
60,117
60,118
60,119
60,120
60,121
60,122
60,123
60,124
60,125
60,126
60,127
60,128
60,129
60,130
60,131
60,132
60,133
60,134
60,135
60,136
60,137
60,138
60,139
60,140
60,141
60,142
60,143
60,144
60,145
60,146
60,147
60,148
60,149
60,150
60,151
60,152
60,153
60,154
60,155
60,156
60,157
60,158
60,159
60,160
60,161
60,162
60,163
60,164
60,165
60,166
60,167
60,168
60,169
60,170
60,171
60,172
60,173
60,174
60,175
60,176
60,177
60,178
60,179
60,180
60,181
60,182
60,183
60,184
60,185
60,186
60,187
60,188
60,189
60,190
60,191
60,192
60,193
60,194
60,195
60,196
60,197
60,198
60,199
60,200
61,62
61,63
61,64
61,65
61,66
61,67
61,68
61,69
61,70
61,71
61,72
61,73
61,74
61,75
61,76
61,77
61,78
61,79
61,80
61,81
61,82
61,83
61,84
61,85
61,86
61,87
61,88
61,89
61,90
61,91
61,92
61,93
61,94
61,95
61,96
61,97
61,98
61,99
61,100
61,101
61,102
61,103
61,104
61,105
61,106
61,107
61,108
61,109
61,110
61,111
61,112
61,113
61,114
61,115
61,116
61,117
61,118
61,119
61,120
61,121
61,122
61,123
61,124
61,125
61,126
61,127
61,128
61,129
61,130
61,131
61,132
61,133
61,134
61,135
61,136
61,137
61,138
61,139
61,140
61,141
61,142
61,143
61,144
61,145
61,146
61,147
61,148
61,149
61,150
61,151
61,152
61,153
61,154
61,155
61,156
61,157
61,158
61,159
61,160
61,161
61,162
61,163
61,164
61,165
61,166
61,167
61,168
61,169
61,170
61,171
61,172
61,173
61,174
61,175
61,176
61,177
61,178
61,179
61,180
61,181
61,182
61,183
61,184
61,185
61,186
61,187
61,188
61,189
61,190
61,191
61,192
61,193
61,194
61,195
61,196
61,197
61,198
61,199
61,200
62,63
62,64
62,65
62,66
62,67
62,68
62,69
62,70
62,71
62,72
62,73
62,74
62,75
62,76
62,77
62,78
62,79
62,80
62,81
62,82
62,83
62,84
62,85
62,86
62,87
62,88
62,89
62,90
62,91
62,92
62,93
62,94
62,95
62,96
62,97
62,98
62,99
62,100
62,101
62,102
62,103
62,104
62,105
62,106
62,107
62,108
62,109
62,110
62,111
62,112
62,113
62,114
62,115
62,116
62,117
62,118
62,119
62,120
62,121
62,122
62,123
62,124
62,125
62,126
62,127
62,128
62,129
62,130
62,131
62,132
62,133
62,134
62,135
62,136
62,137
62,138
62,139
62,140
62,141
62,142
62,143
62,144
62,145
62,146
62,147
62,148
62,149
62,150
62,151
62,152
62,153
62,154
62,155
62,156
62,157
62,158
62,159
62,160
62,161
62,162
62,163
62,164
62,165
62,166
62,167
62,168
62,169
62,170
62,171
62,172
62,173
62,174
62,175
62,176
62,177
62,178
62,179
62,180
62,181
62,182
62,183
62,184
62,185
62,186
62,187
62,188
62,189
62,190
62,191
62,192
62,193
62,194
62,195
62,196
62,197
62,198
62,199
62,200
63,64
63,65
63,66
63,67
63,68
63,69
63,70
63,71
63,72
63,73
63,74
63,75
63,76
63,77
63,78
63,79
63,80
63,81
63,82
63,83
63,84
63,85
63,86
63,87
63,88
63,89
63,90
63,91
63,92
63,93
63,94
63,95
63,96
63,97
63,98
63,99
63,100
63,101
63,102
63,103
63,104
63,105
63,106
63,107
63,108
63,109
63,110
63,111
63,112
63,113
63,114
63,115
63,116
63,117
63,118
63,119
63,120
63,121
63,122
63,123
63,124
63,125
63,126
63,127
63,128
63,129
63,130
63,131
63,132
63,133
63,134
63,135
63,136
63,137
63,138
63,139
63,140
63,141
63,142
63,143
63,144
63,145
63,146
63,147
63,148
63,149
63,150
63,151
63,152
63,153
63,154
63,155
63,156
63,157
63,158
63,159
63,160
63,161
63,162
63,163
63,164
63,165
63,166
63,167
63,168
63,169
63,170
63,171
63,172
63,173
63,174
63,175
63,176
63,177
63,178
63,179
63,180
63,181
63,182
63,183
63,184
63,185
63,186
63,187
63,188
63,189
63,190
63,191
63,192
63,193
63,194
63,195
63,196
63,197
63,198
63,199
63,200
64,65
64,66
64,67
64,68
64,69
64,70
64,71
64,72
64,73
64,74
64,75
64,76
64,77
64,78
64,79
64,80
64,81
64,82
64,83
64,84
64,85
64,86
64,87
64,88
64,89
64,90
64,91
64,92
64,93
64,94
64,95
64,96
64,97
64,98
64,99
64,100
64,101
64,102
64,103
64,104
64,105
64,106
64,107
64,108
64,109
64,110
64,111
64,112
64,113
64,114
64,115
64,116
64,117
64,118
64,119
64,120
64,121
64,122
64,123
64,124
64,125
64,126
64,127
64,128
64,129
64,130
64,131
64,132
64,133
64,134
64,135
64,136
64,137
64,138
64,139
64,140
64,141
64,142
64,143
64,144
64,145
64,146
64,147
64,148
64,149
64,150
64,151
64,152
64,153
64,154
64,155
64,156
64,157
64,158
64,159
64,160
64,161
64,162
64,163
64,164
64,165
64,166
64,167
64,168
64,169
64,170
64,171
64,172
64,173
64,174
64,175
64,176
64,177
64,178
64,179
64,180
64,181
64,182
64,183
64,184
64,185
64,186
64,187
64,188
64,189
64,190
64,191
64,192
64,193
64,194
64,195
64,196
64,197
64,198
64,199
64,200
65,66
65,67
65,68
65,69
65,70
65,71
65,72
65,73
65,74
65,75
65,76
65,77
65,78
65,79
65,80
65,81
65,82
65,83
65,84
65,85
65,86
65,87
65,88
65,89
65,90
65,91
65,92
65,93
65,94
65,95
65,96
65,97
65,98
65,99
65,100
65,101
65,102
65,103
65,104
65,105
65,106
65,107
65,108
65,109
65,110
65,111
65,112
65,113
65,114
65,115
65,116
65,117
65,118
65,119
65,120
65,121
65,122
65,123
65,124
65,125
65,126
65,127
65,128
65,129
65,130
65,131
65,132
65,133
65,134
65,135
65,136
65,137
65,138
65,139
65,140
65,141
65,142
65,143
65,144
65,145
65,146
65,147
65,148
65,149
65,150
65,151
65,152
65,153
65,154
65,155
65,156
65,157
65,158
65,159
65,160
65,161
65,162
65,163
65,164
65,165
65,166
65,167
65,168
65,169
65,170
65,171
65,172
65,173
65,174
65,175
65,176
65,177
65,178
65,179
65,180
65,181
65,182
65,183
65,184
65,185
65,186
65,187
65,188
65,189
65,190
65,191
65,192
65,193
65,194
65,195
65,196
65,197
65,198
65,199
65,200
66,67
66,68
66,69
66,70
66,71
66,72
66,73
66,74
66,75
66,76
66,77
66,78
66,79
66,80
66,81
66,82
66,83
66,84
66,85
66,86
66,87
66,88
66,89
66,90
66,91
66,92
66,93
66,94
66,95
66,96
66,97
66,98
66,99
66,100
66,101
66,102
66,103
66,104
66,105
66,106
66,107
66,108
66,109
66,110
66,111
66,112
66,113
66,114
66,115
66,116
66,117
66,118
66,119
66,120
66,121
66,122
66,123
66,124
66,125
66,126
66,127
66,128
66,129
66,130
66,131
66,132
66,133
66,134
66,135
66,136
66,137
66,138
66,139
66,140
66,141
66,142
66,143
66,144
66,145
66,146
66,147
66,148
66,149
66,150
66,151
66,152
66,153
66,154
66,155
66,156
66,157
66,158
66,159
66,160
66,161
66,162
66,163
66,164
66,165
66,166
66,167
66,168
66,169
66,170
66,171
66,172
66,173
66,174
66,175
66,176
66,177
66,178
66,179
66,180
66,181
66,182
66,183
66,184
66,185
66,186
66,187
66,188
66,189
66,190
66,191
66,192
66,193
66,194
66,195
66,196
66,197
66,198
66,199
66,200
67,68
67,69
67,70
67,71
67,72
67,73
67,74
67,75
67,76
67,77
67,78
67,79
67,80
67,81
67,82
67,83
67,84
67,85
67,86
67,87
67,88
67,89
67,90
67,91
67,92
67,93
67,94
67,95
67,96
67,97
67,98
67,99
67,100
67,101
67,102
67,103
67,104
67,105
67,106
67,107
67,108
67,109
67,110
67,111
67,112
67,113
67,114
67,115
67,116
67,117
67,118
67,119
67,120
67,121
67,122
67,123
67,124
67,125
67,126
67,127
67,128
67,129
67,130
67,131
67,132
67,133
67,134
67,135
67,136
67,137
67,138
67,139
67,140
67,141
67,142
67,143
67,144
67,145
67,146
67,147
67,148
67,149
67,150
67,151
67,152
67,153
67,154
67,155
67,156
67,157
67,158
67,159
67,160
67,161
67,162
67,163
67,164
67,165
67,166
67,167
67,168
67,169
67,170
67,171
67,172
67,173
67,174
67,175
67,176
67,177
67,178
67,179
67,180
67,181
67,182
67,183
67,184
67,185
67,186
67,187
67,188
67,189
67,190
67,191
67,192
67,193
67,194
67,195
67,196
67,197
67,198
67,199
67,200
68,69
68,70
68,71
68,72
68,73
68,74
68,75
68,76
68,77
68,78
68,79
68,80
68,81
68,82
68,83
68,84
68,85
68,86
68,87
68,88
68,89
68,90
68,91
68,92
68,93
68,94
68,95
68,96
68,97
68,98
68,99
68,100
68,101
68,102
68,103
68,104
68,105
68,106
68,107
68,108
68,109
68,110
68,111
68,112
68,113
68,114
68,115
68,116
68,117
68,118
68,119
68,120
68,121
68,122
68,123
68,124
68,125
68,126
68,127
68,128
68,129
68,130
68,131
68,132
68,133
68,134
68,135
68,136
68,137
68,138
68,139
68,140
68,141
68,142
