27,155
27,156
27,157
27,158
27,159
27,160
27,161
27,162
27,163
27,164
27,165
27,166
27,167
27,168
27,169
27,170
27,171
27,172
27,173
27,174
27,175
27,176
27,177
27,178
27,179
27,180
27,181
27,182
27,183
27,184
27,185
27,186
27,187
27,188
27,189
27,190
27,191
27,192
27,193
27,194
27,195
27,196
27,197
27,198
27,199
27,200
28,29
28,30
28,31
28,32
28,33
28,34
28,35
28,36
28,37
28,38
28,39
28,40
28,41
28,42
28,43
28,44
28,45
28,46
28,47
28,48
28,49
28,50
28,51
28,52
28,53
28,54
28,55
28,56
28,57
28,58
28,59
28,60
28,61
28,62
28,63
28,64
28,65
28,66
28,67
28,68
28,69
28,70
28,71
28,72
28,73
28,74
28,75
28,76
28,77
28,78
28,79
28,80
28,81
28,82
28,83
28,84
28,85
28,86
28,87
28,88
28,89
28,90
28,91
28,92
28,93
28,94
28,95
28,96
28,97
28,98
28,99
28,100
28,101
28,102
28,103
28,104
28,105
28,106
28,107
28,108
28,109
28,110
28,111
28,112
28,113
28,114
28,115
28,116
28,117
28,118
28,119
28,120
28,121
28,122
28,123
28,124
28,125
28,126
28,127
28,128
28,129
28,130
28,131
28,132
28,133
28,134
28,135
28,136
28,137
28,138
28,139
28,140
28,141
28,142
28,143
28,144
28,145
28,146
28,147
28,148
28,149
28,150
28,151
28,152
28,153
28,154
28,155
28,156
28,157
28,158
28,159
28,160
28,161
28,162
28,163
28,164
28,165
28,166
28,167
28,168
28,169
28,170
28,171
28,172
28,173
28,174
28,175
28,176
28,177
28,178
28,179
28,180
28,181
28,182
28,183
28,184
28,185
28,186
28,187
28,188
28,189
28,190
28,191
28,192
28,193
28,194
28,195
28,196
28,197
28,198
28,199
28,200
29,30
29,31
29,32
29,33
29,34
29,35
29,36
29,37
29,38
29,39
29,40
29,41
29,42
29,43
29,44
29,45
29,46
29,47
29,48
29,49
29,50
29,51
29,52
29,53
29,54
29,55
29,56
29,57
29,58
29,59
29,60
29,61
29,62
29,63
29,64
29,65
29,66
29,67
29,68
29,69
29,70
29,71
29,72
29,73
29,74
29,75
29,76
29,77
29,78
29,79
29,80
29,81
29,82
29,83
29,84
29,85
29,86
29,87
29,88
29,89
29,90
29,91
29,92
29,93
29,94
29,95
29,96
29,97
29,98
29,99
29,100
29,101
29,102
29,103
29,104
29,105
29,106
29,107
29,108
29,109
29,110
29,111
29,112
29,113
29,114
29,115
29,116
29,117
29,118
29,119
29,120
29,121
29,122
29,123
29,124
29,125
29,126
29,127
29,128
29,129
29,130
29,131
29,132
29,133
29,134
29,135
29,136
29,137
29,138
29,139
29,140
29,141
29,142
29,143
29,144
29,145
29,146
29,147
29,148
29,149
29,150
29,151
29,152
29,153
29,154
29,155
29,156
29,157
29,158
29,159
29,160
29,161
29,162
29,163
29,164
29,165
29,166
29,167
29,168
29,169
29,170
29,171
29,172
29,173
29,174
29,175
29,176
29,177
29,178
29,179
29,180
29,181
29,182
29,183
29,184
29,185
29,186
29,187
29,188
29,189
29,190
29,191
29,192
29,193
29,194
29,195
29,196
29,197
29,198
29,199
29,200
30,31
30,32
30,33
30,34
30,35
30,36
30,37
30,38
30,39
30,40
30,41
30,42
30,43
30,44
30,45
30,46
30,47
30,48
30,49
30,50
30,51
30,52
30,53
30,54
30,55
30,56
30,57
30,58
30,59
30,60
30,61
30,62
30,63
30,64
30,65
30,66
30,67
30,68
30,69
30,70
30,71
30,72
30,73
30,74
30,75
30,76
30,77
30,78
30,79
30,80
30,81
30,82
30,83
30,84
30,85
30,86
30,87
30,88
30,89
30,90
30,91
30,92
30,93
30,94
30,95
30,96
30,97
30,98
30,99
30,100
30,101
30,102
30,103
30,104
30,105
30,106
30,107
30,108
30,109
30,110
30,111
30,112
30,113
30,114
30,115
30,116
30,117
30,118
30,119
30,120
30,121
30,122
30,123
30,124
30,125
30,126
30,127
30,128
30,129
30,130
30,131
30,132
30,133
30,134
30,135
30,136
30,137
30,138
30,139
30,140
30,141
30,142
30,143
30,144
30,145
30,146
30,147
30,148
30,149
30,150
30,151
30,152
30,153
30,154
30,155
30,156
30,157
30,158
30,159
30,160
30,161
30,162
30,163
30,164
30,165
30,166
30,167
30,168
30,169
30,170
30,171
30,172
30,173
30,174
30,175
30,176
30,177
30,178
30,179
30,180
30,181
30,182
30,183
30,184
30,185
30,186
30,187
30,188
30,189
30,190
30,191
30,192
30,193
30,194
30,195
30,196
30,197
30,198
30,199
30,200
31,32
31,33
31,34
31,35
31,36
31,37
31,38
31,39
31,40
31,41
31,42
31,43
31,44
31,45
31,46
31,47
31,48
31,49
31,50
31,51
31,52
31,53
31,54
31,55
31,56
31,57
31,58
31,59
31,60
31,61
31,62
31,63
31,64
31,65
31,66
31,67
31,68
31,69
31,70
31,71
31,72
31,73
31,74
31,75
31,76
31,77
31,78
31,79
31,80
31,81
31,82
31,83
31,84
31,85
31,86
31,87
31,88
31,89
31,90
31,91
31,92
31,93
31,94
31,95
31,96
31,97
31,98
31,99
31,100
31,101
31,102
31,103
31,104
31,105
31,106
31,107
31,108
31,109
31,110
31,111
31,112
31,113
31,114
31,115
31,116
31,117
31,118
31,119
31,120
31,121
31,122
31,123
31,124
31,125
31,126
31,127
31,128
31,129
31,130
31,131
31,132
31,133
31,134
31,135
31,136
31,137
31,138
31,139
31,140
31,141
31,142
31,143
31,144
31,145
31,146
31,147
31,148
31,149
31,150
31,151
31,152
31,153
31,154
31,155
31,156
31,157
31,158
31,159
31,160
31,161
31,162
31,163
31,164
31,165
31,166
31,167
31,168
31,169
31,170
31,171
31,172
31,173
31,174
31,175
31,176
31,177
31,178
31,179
31,180
31,181
31,182
31,183
31,184
31,185
31,186
31,187
31,188
31,189
31,190
31,191
31,192
31,193
31,194
31,195
31,196
31,197
31,198
31,199
31,200
32,33
32,34
32,35
32,36
32,37
32,38
32,39
32,40
32,41
32,42
32,43
32,44
32,45
32,46
32,47
32,48
32,49
32,50
32,51
32,52
32,53
32,54
32,55
32,56
32,57
32,58
32,59
32,60
32,61
32,62
32,63
32,64
32,65
32,66
32,67
32,68
32,69
32,70
32,71
32,72
32,73
32,74
32,75
32,76
32,77
32,78
32,79
32,80
32,81
32,82
32,83
32,84
32,85
32,86
32,87
32,88
32,89
32,90
32,91
32,92
32,93
32,94
32,95
32,96
32,97
32,98
32,99
32,100
32,101
32,102
32,103
32,104
32,105
32,106
32,107
32,108
32,109
32,110
32,111
32,112
32,113
32,114
32,115
32,116
32,117
32,118
32,119
32,120
32,121
32,122
32,123
32,124
32,125
32,126
32,127
32,128
32,129
32,130
32,131
32,132
32,133
32,134
32,135
32,136
32,137
32,138
32,139
32,140
32,141
32,142
32,143
32,144
32,145
32,146
32,147
32,148
32,149
32,150
32,151
32,152
32,153
32,154
32,155
32,156
32,157
32,158
32,159
32,160
32,161
32,162
32,163
32,164
32,165
32,166
32,167
32,168
32,169
32,170
32,171
32,172
32,173
32,174
32,175
32,176
32,177
32,178
32,179
32,180
32,181
32,182
32,183
32,184
32,185
32,186
32,187
32,188
32,189
32,190
32,191
32,192
32,193
32,194
32,195
32,196
32,197
32,198
32,199
32,200
33,34
33,35
33,36
33,37
33,38
33,39
33,40
33,41
33,42
33,43
33,44
33,45
33,46
33,47
33,48
33,49
33,50
33,51
33,52
33,53
33,54
33,55
33,56
33,57
33,58
33,59
33,60
33,61
33,62
33,63
33,64
33,65
33,66
33,67
33,68
33,69
33,70
33,71
33,72
33,73
33,74
33,75
33,76
33,77
33,78
33,79
33,80
33,81
33,82
33,83
33,84
33,85
33,86
33,87
33,88
33,89
33,90
33,91
33,92
33,93
33,94
33,95
33,96
33,97
33,98
33,99
33,100
33,101
33,102
33,103
33,104
33,105
33,106
33,107
33,108
33,109
33,110
33,111
33,112
33,113
33,114
33,115
33,116
33,117
33,118
33,119
33,120
33,121
33,122
33,123
33,124
33,125
33,126
33,127
33,128
33,129
33,130
33,131
33,132
33,133
33,134
33,135
33,136
33,137
33,138
33,139
33,140
33,141
33,142
33,143
33,144
33,145
33,146
33,147
33,148
33,149
33,150
33,151
33,152
33,153
33,154
33,155
33,156
33,157
33,158
33,159
33,160
33,161
33,162
33,163
33,164
33,165
33,166
33,167
33,168
33,169
33,170
33,171
33,172
33,173
33,174
33,175
33,176
33,177
33,178
33,179
33,180
33,181
33,182
33,183
33,184
33,185
33,186
33,187
33,188
33,189
33,190
33,191
33,192
33,193
33,194
33,195
33,196
33,197
33,198
33,199
33,200
34,35
34,36
34,37
34,38
34,39
34,40
34,41
34,42
34,43
34,44
34,45
34,46
34,47
34,48
34,49
34,50
34,51
34,52
34,53
34,54
34,55
34,56
34,57
34,58
34,59
34,60
34,61
34,62
34,63
34,64
34,65
34,66
34,67
34,68
34,69
34,70
34,71
34,72
34,73
34,74
34,75
34,76
34,77
34,78
34,79
34,80
34,81
34,82
34,83
34,84
34,85
34,86
34,87
34,88
34,89
34,90
34,91
34,92
34,93
34,94
34,95
34,96
34,97
34,98
34,99
34,100
34,101
34,102
34,103
34,104
34,105
34,106
34,107
34,108
34,109
34,110
34,111
34,112
34,113
34,114
34,115
34,116
34,117
34,118
34,119
34,120
34,121
34,122
34,123
34,124
34,125
34,126
34,127
34,128
34,129
34,130
34,131
34,132
34,133
34,134
34,135
34,136
34,137
34,138
34,139
34,140
34,141
34,142
34,143
34,144
34,145
34,146
34,147
34,148
34,149
34,150
34,151
34,152
34,153
34,154
34,155
34,156
34,157
34,158
34,159
34,160
34,161
34,162
34,163
34,164
34,165
34,166
34,167
34,168
34,169
34,170
34,171
34,172
34,173
34,174
34,175
34,176
34,177
34,178
34,179
34,180
34,181
34,182
34,183
34,184
34,185
34,186
34,187
34,188
34,189
34,190
34,191
34,192
34,193
34,194
34,195
34,196
34,197
34,198
34,199
34,200
35,36
35,37
35,38
35,39
35,40
35,41
35,42
35,43
35,44
35,45
35,46
35,47
35,48
35,49
35,50
