20.795024704952965	-12.856777050011168	-25.88240223498579	7.863988638870827	1.5319692756279153	-5.723439671287805	4.2136130289447085	-10.762772969184649	2.1754635111567904	8.022246293497393
-8.736442411691701	5.33076600980265	11.830490179198293	-4.310851373383541	-1.119857560988129	1.9471045213521834	-0.9979765359858364	5.464339202747935	0.4154760382306367	-2.9376327252282204
34.641296353180046	-29.66380757724788	-40.01008253635947	12.142719951937996	-0.9955709137689519	-14.657826455917206	12.512745904203287	-14.689422939436419	7.777558123735116	13.223120965719232
-15.666768142395817	5.48093577261249	25.89009613401631	-8.04504058214879	-5.32982232900791	-0.07968903167225055	-2.7222419981153987	8.698202122028675	-3.2786987354439803	-8.874779650395071
-9.279420094151224	12.800853240245662	11.98186049323311	-3.523523866745457	1.1557892725193153	6.0790883822152875	-7.394775431364084	1.991623361983898	-5.843093993840875	-4.698535420655689
-8.835446647086139	14.082715784689663	11.435409546625143	-3.591060134719354	1.5927429452871131	6.700473756118559	-8.184365738888175	1.4422095366033838	-6.28510098781665	-4.4767496737345835
11.759369673619043	-9.183781920282229	-16.153316849156496	6.64865729136998	1.5685528565692546	-3.068017947713353	3.3570128484787243	-6.189915103193515	1.4154478195274682	4.587024490784243
15.115662820231101	-8.972405082257305	-20.5007341251022	7.64556313631078	2.5209273203166536	-2.8133444022325427	2.8869907814498568	-8.306597972438196	1.2752592559096825	6.100656633495665
12.892864060296565	-15.933452811294051	-17.50949088794942	7.727178119557025	0.28276177292737836	-6.135685744271318	8.152824063629053	-4.43909307787674	5.330207124747633	5.726265439027328
-1.4151013060766529	-5.566720510429398	1.848081628541177	0.44847233058012553	-1.54189583119323	-2.4932944158372177	4.171584784350781	2.8424251438931214	3.1912271028741226	-0.14018910399837617
