0.6426396562578152	-1.5262766468973912	0.2092834739018969	-0.5709848499632977	0.1607770602648046	0.19140935005013066	-0.07084264393387928	-0.006544528632318115	-1.755939398891394	-1.7009359625472111
-0.19378232344712915	0.9424065914454801	0.07661238909152951	0.5213044128800258	-0.031149511084424746	-0.04828642651916354	0.08856014576567353	0.050716348052344214	1.1347074874277099	1.069680691379555
0.595403647040454	-1.2743706006281192	0.23438749172512605	-0.4278477285011826	0.153981608274701	0.18007312181405596	-0.04616330966869947	0.008060866034399823	-1.4514964704431639	-1.4145728241187585
0.3938430888887477	-0.586252945370339	0.22942778783955303	-0.09713317914757434	0.11108182222874359	0.12413466819478032	0.005240556161299213	0.03128276644849667	-0.6379059937666952	-0.6392720100545028
0.2086728667418898	-0.47826908774947113	0.07297903541073561	-0.1728564280306972	0.05282922330657281	0.06249193618213736	-0.02058806021127293	-0.0003730496042398661	-0.5484204604817096	-0.5323013656713327
0.21747322817325032	-0.5070700668267891	0.07355577300408504	-0.18639576092242038	0.05474695587209301	0.06495858582346122	-0.022659177375720454	-0.0012612871409425706	-0.5823825124567115	-0.5647165263026218
0.1148614349549901	-0.20559907099098906	0.056878212970220075	-0.0533976762064552	0.03115169957998804	0.035525733429391956	-0.0032968518361170627	0.005623363005210832	-0.22949887598557184	-0.22641891803116632
0.1281578866020878	-0.25563356590588576	0.055860536709453554	-0.07857459077147419	0.033814871410083575	0.03912507447573681	-0.007334644638683187	0.0036223034546321213	-0.28899488564278375	-0.28292279110068197
-0.08339806211206004	0.8032908064347936	0.148216332705159	0.5123243406753093	0.0008895758598985971	-0.013001776104511722	0.09354041399307741	0.062031200550276194	0.9875445974608656	0.9196036340516922
-0.16226270829419187	0.9421542623342991	0.10849622814911276	0.5473205293508567	-0.02058214788464108	-0.03743902037912624	0.0954831972176338	0.05793742350463916	1.1422302927371422	1.0724059051735555
