21.72372984210158	-7.74464806554388	-26.419151020348675	8.146812363348305	-2.1007344517745254	-3.877178205860069	-0.8119494080941949	-2.616196908168964	-2.0834993404313433	7.141641975608201
-10.487587175628931	4.469539176358256	13.616310711103852	-5.187251921805563	0.9609991710039424	1.9925449132701183	0.7978931730279933	1.84441701051491	2.225699146351459	-2.9856234247445794
30.15755041763329	-15.460625630141251	-33.05992981669564	8.52583360699843	-6.3474720058744	-7.3884454116683065	1.6115012685762906	0.5174384741567755	0.17797723959858133	9.593941920744724
-23.729626938066982	3.729794106363152	34.0059796782427	-9.843678922747538	-1.3863514795146294	1.1899378303706232	0.5297270574386427	3.099469771714631	-0.5308749984156175	-10.861456614507391
-2.4190728218972373	7.309921147577212	2.809802304358373	0.15278026651064744	3.364979356819122	2.037891424823312	-3.762074780248336	-5.083225470315982	-3.9017002606079214	-1.2959936517183595
2.0660996125899045	4.7609795741019525	-2.8985297581564744	2.098253232069859	2.6732551993932168	1.1610672853670907	-3.3515572681870878	-4.862049400226215	-3.7605750403874754	0.30041630134217334
11.302331965576148	-3.97788850349349	-14.906304377703462	6.040016311072718	-0.2584009554486159	-1.424933028449229	-0.6066946112917745	-1.7811929192399518	-1.632227255101765	3.7639676277111467
15.986978879792842	-6.4437492197075015	-20.896675404941007	8.100646788960491	-0.8821921798838064	-2.2870060212079375	-0.2848888024355756	-1.7019023341847712	-1.5907238238752834	5.428958827945506
8.408181999698472	-7.932342784351447	-11.036127214541496	4.855749977985421	-2.1034843333921125	-1.8896898864055645	2.5068045149486555	2.7164766068579214	1.7652493955972977	3.148608459653666
-8.113243726476325	-2.293879919032144	10.343506874144019	-2.8201976205483854	-1.4366651931101568	0.283664533045618	2.946344505926777	4.674032441835815	3.106720484622498	-2.7201442822008364
