0	0.0
1	0.00063522
2	0.0009870827
3	0.0010732423
4	0.0014091497
5	0.0020453855
6	0.0041661835
7	0.004519606
8	0.01040562
9	0.014187059
10	0.01492313
11	0.016475407
12	0.017039554
13	0.017136205
14	0.023868294
15	0.037494134
16	0.042561248
17	0.042787254
18	0.04437707
19	0.046095733
20	0.046237875
21	0.046370078
22	0.05017837
23	0.052711572
24	0.054589137
25	0.060825776
26	0.061001062
27	0.06106459
28	0.063635126
29	0.06744486
30	0.0696038
31	0.070189744
32	0.074809656
33	0.07542643
34	0.0777343
35	0.07842904
36	0.082344726
37	0.083011925
38	0.0832682
39	0.08871507
40	0.088781916
41	0.08977185
42	0.0906037
43	0.091285475
44	0.0933017
45	0.09481071
46	0.09574723
47	0.09592056
48	0.096376345
49	0.09801043
50	0.09862015
51	0.09992097
52	0.10094241
53	0.10107577
54	0.102738135
55	0.10540555
56	0.10568076
57	0.10609621
58	0.10887735
59	0.11173642
60	0.11179917
61	0.11216486
62	0.11308267
63	0.11338603
64	0.114328235
65	0.11455757
66	0.115049876
67	0.11689743
68	0.11732321
69	0.11748222
70	0.11771755
71	0.11813579
72	0.118667655
73	0.11878854
74	0.1191245
75	0.119834244
76	0.1205209
77	0.12095244
78	0.12159943
79	0.121654905
80	0.12265135
81	0.12318697
82	0.12400593
83	0.12416916
84	0.12506469
85	0.12507759
86	0.12550811
87	0.12574866
88	0.12592119
89	0.12613943
90	0.1262024
91	0.12684621
92	0.12746443
93	0.12755646
94	0.1279952
95	0.12812534
96	0.1285966
97	0.12902932
98	0.12963618
99	0.12971796
100	0.13047546
101	0.13049765
102	0.13073857
103	0.13203333
104	0.13301559
105	0.13343024
106	0.13355425
107	0.13491483
108	0.13548894
109	0.13566442
110	0.13590483
111	0.13743477
112	0.13789237
113	0.13811721
114	0.13872223
115	0.13892652
116	0.14130081
117	0.14164048
118	0.14371757
119	0.1544005
120	0.1560421
121	0.15684699
122	0.15830927
123	0.15832116
124	0.1631673
125	0.16542965
126	0.1698906
127	0.17078452
128	0.17409752
129	0.18373708
130	0.19015184
131	0.19250381
132	0.19795111
133	0.19998282
134	0.20074774
135	0.20076214
136	0.20944597
137	0.21773961
138	0.23024476
139	0.23787118
140	0.2407566
141	0.25498304
142	0.25687087
143	0.25816238
144	0.25906
145	0.2593723
146	0.2616557
147	0.26373205
148	0.26486796
149	0.26561984
150	0.26635632
151	0.26683503
152	0.26722202
153	0.26729056
154	0.2708027
155	0.27418715
156	0.2743957
157	0.27533478
158	0.27733096
159	0.2781909
160	0.2783793
161	0.27841374
162	0.27850297
163	0.27872682
164	0.2799001
165	0.28120857
166	0.2814895
167	0.2855985
168	0.28588578
169	0.28752705
170	0.28959644
171	0.28967062
172	0.29009226
173	0.29101732
174	0.2915481
175	0.2920165
176	0.2924392
177	0.29274943
178	0.29472762
179	0.29479545
180	0.29487932
181	0.29507214
182	0.29550475
183	0.29746008
184	0.29809853
185	0.2983801
186	0.29880735
187	0.29896864
188	0.2990142
189	0.29913622
190	0.29918975
191	0.30000094
192	0.3015541
193	0.30200976
194	0.30203313
195	0.30203423
196	0.30220115
197	0.30309728
198	0.3043516
199	0.30508855
200	0.305159
201	0.3051631
202	0.30539307
203	0.30579326
204	0.30595252
205	0.30661112
206	0.30692336
207	0.30702943
208	0.30738986
209	0.30773705
210	0.3081243
211	0.308284
212	0.30829334
213	0.30859184
214	0.30874187
215	0.30902985
216	0.30921552
217	0.31012228
218	0.310331
219	0.3105528
220	0.3109886
221	0.31105617
222	0.3113974
223	0.3168116
224	0.31702143
225	0.31793848
226	0.3192601
227	0.32258743
228	0.32835928
229	0.32977453
230	0.32985935
231	0.33009964
232	0.3390519
233	0.3423849
234	0.34298077
235	0.34394023
236	0.35022402
237	0.35301685
238	0.35400292
239	0.36516437
240	0.36773872
241	0.3699482
242	0.37057197
243	0.38001853
244	0.3934353
245	0.41328672
246	0.41732728
247	0.4198219
248	0.4267964
249	0.4308414
250	0.43783295
251	0.44843978
252	0.44931808
253	0.45498073
254	0.45748267
255	0.46608907
256	0.47158438
257	0.4735467
258	0.47609326
259	0.4761752
260	0.47731155
261	0.47757757
262	0.47808993
263	0.47831944
264	0.47941363
265	0.47963458
266	0.48019204
267	0.48032433
268	0.48049593
269	0.48150724
270	0.48167083
271	0.4817516
272	0.48180437
273	0.48189548
274	0.48190656
275	0.48251358
276	0.48268706
277	0.4830799
278	0.48332718
279	0.4837972
280	0.48386377
281	0.4838881
282	0.48423585
283	0.48431176
284	0.48442513
285	0.4844425
286	0.48457527
287	0.48461017
288	0.4847245
289	0.48474553
290	0.48496187
291	0.48507762
292	0.48510015
293	0.48529384
294	0.48529807
295	0.48559862
296	0.48562238
297	0.4856366
298	0.48565617
299	0.48568895
300	0.48573032
301	0.4858925
302	0.48601833
303	0.4861392
304	0.48615554
305	0.48640049
306	0.48663476
307	0.48663732
308	0.48668402
309	0.4867779
310	0.4870105
311	0.48701355
312	0.4870987
313	0.48712847
314	0.48723212
315	0.48741648
316	0.4874192
317	0.48749527
318	0.4875467
319	0.48795635
320	0.48797506
321	0.48812878
322	0.48846686
323	0.48943987
324	0.4896096
325	0.4898822
326	0.4900157
327	0.4900945
328	0.491108
329	0.4914492
330	0.4982612
331	0.50457215
332	0.5064393
333	0.50779325
334	0.5121534
335	0.51725554
336	0.51952094
337	0.52030253
338	0.52208346
339	0.5221983
340	0.52385795
341	0.5242687
342	0.52749276
343	0.52764505
344	0.5313748
345	0.53248215
346	0.5325755
347	0.5338268
348	0.5342061
349	0.53423643
350	0.5362026
351	0.53835666
352	0.5390375
353	0.5407122
354	0.5419502
355	0.54197323
356	0.54241014
357	0.54263437
358	0.5436205
359	0.5440764
360	0.54561645
361	0.5456788
362	0.54578936
363	0.546269
364	0.54690397
365	0.5471375
366	0.5473294
367	0.54752713
368	0.54825217
369	0.54832
370	0.54851294
371	0.5485227
372	0.54857796
373	0.5489555
374	0.54989314
375	0.54995984
376	0.5500686
377	0.550481
378	0.55055654
379	0.55182844
380	0.55188787
381	0.5519968
382	0.55205345
383	0.5533383
384	0.55348146
385	0.5535005
386	0.55410635
387	0.55416334
388	0.55459756
389	0.5546344
390	0.55466896
391	0.55474144
392	0.5548239
393	0.5550892
394	0.5551894
395	0.55539864
396	0.5562694
397	0.5562776
398	0.5566021
399	0.55713654
400	0.5572468
401	0.5579139
402	0.5588416
403	0.5589532
404	0.5590072
405	0.5590169
406	0.5597422
407	0.55993587
408	0.56018734
409	0.5602124
410	0.5607273
411	0.560786
412	0.56117797
413	0.56232065
414	0.56305146
415	0.56324357
416	0.563827
417	0.5642062
418	0.5642345
419	0.564235
420	0.56460595
421	0.56473356
422	0.5647607
423	0.5647762
424	0.56511045
425	0.56519413
426	0.5656702
427	0.565937
428	0.56675315
429	0.5671088
430	0.5672306
431	0.56737244
432	0.5684908
433	0.5685161
434	0.5686949
435	0.56934977
436	0.56947714
437	0.5698432
438	0.5706092
439	0.5707477
440	0.57081413
441	0.5708725
442	0.5714685
443	0.5717437
444	0.5720649
445	0.572072
446	0.5721439
447	0.5726685
448	0.57279044
449	0.57293284
450	0.5732417
451	0.57389945
452	0.57401395
453	0.57409513
454	0.5742253
455	0.575505
456	0.5758788
457	0.5767589
458	0.577249
459	0.57762533
460	0.5779267
461	0.57806677
462	0.5783787
463	0.5789654
464	0.57911015
465	0.579162
466	0.5799315
467	0.58010775
468	0.58060586
469	0.58098686
470	0.5828252
471	0.58312196
472	0.5836065
473	0.5856705
474	0.58959967
475	0.5897345
476	0.58974046
477	0.59034145
478	0.5914092
479	0.593582
480	0.60062844
481	0.60115707
482	0.6015239
483	0.60497904
484	0.605374
485	0.6057796
486	0.60610515
487	0.60613453
488	0.6077297
489	0.60809803
490	0.60890627
491	0.6094913
492	0.6095051
493	0.610826
494	0.61172694
495	0.6127189
496	0.6134554
497	0.61366284
498	0.6141483
499	0.61418813
500	0.615785
501	0.61580706
502	0.615823
503	0.61586785
504	0.6161533
505	0.6162306
506	0.6175543
507	0.6177356
508	0.6179474
509	0.61818606
510	0.61874175
511	0.6188796
512	0.61888415
513	0.61916935
514	0.61971253
515	0.619879
516	0.6203895
517	0.6204349
518	0.6205329
519	0.6205699
520	0.6206749
521	0.6207728
522	0.62171197
523	0.6218694
524	0.621994
525	0.62200516
526	0.62228405
527	0.62245643
528	0.62281895
529	0.62285656
530	0.62297624
531	0.6230886
532	0.6234564
533	0.6234679
534	0.62383604
535	0.6239422
536	0.6244128
537	0.62472504
538	0.6251715
539	0.6256153
540	0.625618
541	0.62635064
542	0.62643355
543	0.6276939
544	0.6283112
545	0.62835205
546	0.63027
547	0.631176
548	0.6313681
549	0.63140357
550	0.63141507
551	0.63230026
552	0.63314706
553	0.6344093
554	0.63500714
555	0.6350415
556	0.63589025
557	0.6362779
558	0.6367438
559	0.6367836
560	0.63711226
561	0.6375489
562	0.63755333
563	0.63856065
564	0.63883895
565	0.6391842
566	0.6394561
567	0.6396143
568	0.6399731
569	0.6401214
570	0.64018786
571	0.64035106
572	0.64065963
573	0.6407051
574	0.64082927
575	0.6409759
576	0.64143515
577	0.6414877
578	0.64165586
579	0.64224625
580	0.6424473
581	0.6426768
582	0.64279425
583	0.6428898
584	0.64305556
585	0.6436619
586	0.643694
587	0.64404106
588	0.64438915
589	0.64487076
590	0.6448867
591	0.6450455
592	0.64592415
593	0.64608
594	0.64956886
595	0.65027785
596	0.6512293
597	0.65145224
598	0.6518274
599	0.65242124
600	0.65726715
601	0.6573955
602	0.6591804
603	0.66815466
604	0.6702818
605	0.670834
606	0.67104954
607	0.67288965
608	0.6740734
609	0.6750852
610	0.6753978
611	0.676989
612	0.6853539
613	0.69105685
614	0.691084
615	0.691543
616	0.69364214
617	0.6943688
618	0.6960135
619	0.69857806
620	0.6988082
621	0.69931066
622	0.70004547
623	0.70013094
624	0.70116955
625	0.7020028
626	0.70235485
627	0.70296174
628	0.70455325
629	0.7054809
630	0.70591676
631	0.707573
632	0.7077084
633	0.7078426
634	0.7078953
635	0.70980155
636	0.7106382
637	0.7114096
638	0.71277374
639	0.71278393
640	0.7133553
641	0.71353763
642	0.71436316
643	0.7160414
644	0.71811783
645	0.7182353
646	0.7200873
647	0.721359
648	0.721575
649	0.72233903
650	0.7226487
651	0.7230459
652	0.7231626
653	0.72339106
654	0.7245984
655	0.7254563
656	0.7254974
657	0.7260947
658	0.7261548
659	0.7261753
660	0.726888
661	0.7271233
662	0.7273171
663	0.7273382
664	0.7279881
665	0.72902644
666	0.729674
667	0.7298038
668	0.7324305
669	0.73243225
670	0.73304814
671	0.73308235
672	0.73311025
673	0.7334107
674	0.73396415
675	0.73462516
676	0.73490393
677	0.735396
678	0.73663384
679	0.7367741
680	0.7374848
681	0.738313
682	0.7386028
683	0.73956966
684	0.740189
685	0.7405463
686	0.7406301
687	0.74150217
688	0.7415648
689	0.7417661
690	0.74186003
691	0.742009
692	0.7420624
693	0.742508
694	0.7429364
695	0.7447072
696	0.745504
697	0.74567264
698	0.74628717
699	0.7491554
700	0.75005746
701	0.75084627
702	0.7513016
703	0.751406
704	0.75228
705	0.75343865
706	0.7547549
707	0.7552859
708	0.7579059
709	0.76082295
710	0.76523167
711	0.7662347
712	0.76645166
713	0.7684294
714	0.7701767
715	0.771617
716	0.774653
717	0.7775466
718	0.77908593
719	0.7823163
720	0.7841523
721	0.7848738
722	0.7857635
723	0.78592104
724	0.7886105
725	0.78887856
726	0.7890894
727	0.78953207
728	0.790013
729	0.79318374
730	0.7937156
731	0.79408485
732	0.7941122
733	0.794371
734	0.79444003
735	0.7949986
736	0.79525566
737	0.79576945
738	0.79596114
739	0.7960039
740	0.79691726
741	0.7992678
742	0.8001411
743	0.8007748
744	0.8023084
745	0.80323714
746	0.80380297
747	0.80409294
748	0.8049766
749	0.807286
750	0.8080418
751	0.8087057
752	0.8088741
753	0.8093309
754	0.8099105
755	0.81024
756	0.8128005
757	0.8138162
758	0.81428856
759	0.8144216
760	0.8146017
761	0.81520885
762	0.8157382
763	0.8177342
764	0.81833196
765	0.82114315
766	0.82115906
767	0.8211943
768	0.82123905
769	0.8232766
770	0.8246102
771	0.8257557
772	0.8260622
773	0.8260753
774	0.82748365
775	0.8277159
776	0.8281918
777	0.82932824
778	0.8295128
779	0.8300136
780	0.83013356
781	0.83199704
782	0.8323198
783	0.83401066
784	0.83574444
785	0.8358514
786	0.8358523
787	0.835949
788	0.8363168
789	0.8364941
790	0.83689785
791	0.8369305
792	0.8374211
793	0.8379767
794	0.8381761
795	0.83844876
796	0.83908737
797	0.8391341
798	0.8402848
799	0.8403435
800	0.8403829
801	0.8409162
802	0.8413115
803	0.84149915
804	0.8417278
805	0.84198016
806	0.8420777
807	0.8424281
808	0.8426352
809	0.84284776
810	0.8435865
811	0.84482
812	0.8449741
813	0.845706
814	0.8460022
815	0.84694386
816	0.8474345
817	0.8496294
818	0.84973705
819	0.8575354
820	0.86104
821	0.86711794
822	0.86998653
823	0.87086236
824	0.8750667
825	0.87863207
826	0.88228524
827	0.8830044
828	0.883889
829	0.8850837
830	0.8881218
831	0.8904146
832	0.89276123
833	0.8948301
834	0.895156
835	0.9005697
836	0.90069616
837	0.90080446
838	0.90168625
839	0.90197843
840	0.9023294
841	0.90240306
842	0.90254754
843	0.9027984
844	0.90357804
845	0.90392095
846	0.9042246
847	0.90457225
848	0.904731
849	0.90488183
850	0.90538937
851	0.9064246
852	0.90653783
853	0.90661895
854	0.90673137
855	0.90681154
856	0.9071672
857	0.9072331
858	0.9072943
859	0.9073524
860	0.90753335
861	0.90833783
862	0.90839386
863	0.90855473
864	0.9085796
865	0.90962625
866	0.9098798
867	0.9099107
868	0.9103143
869	0.9106044
870	0.9107188
871	0.9112008
872	0.91164404
873	0.91168654
874	0.9123207
875	0.91248214
876	0.9127723
877	0.9129099
878	0.91322434
879	0.91384524
880	0.91430706
881	0.91478604
882	0.9149959
883	0.9153366
884	0.9157255
885	0.91587085
886	0.9161587
887	0.9162437
888	0.9164017
889	0.91861165
890	0.91899645
891	0.91900074
892	0.9193325
893	0.919899
894	0.9201043
895	0.920159
896	0.92109394
897	0.92153674
898	0.92201424
899	0.9226829
900	0.9235335
901	0.9243376
902	0.9253716
903	0.92612135
904	0.92657006
905	0.927802
906	0.93241096
907	0.93570083
908	0.9359106
909	0.9375823
910	0.93950003
911	0.9456498
912	0.9476862
913	0.9560484
914	0.95756423
915	0.9591973
916	0.96186906
917	0.96606344
918	0.9675795
919	0.9681371
920	0.9692549
921	0.97034466
922	0.9727482
923	0.9738722
924	0.9739535
925	0.9745429
926	0.9752479
927	0.9755889
928	0.97560227
929	0.9763384
930	0.9770753
931	0.9774077
932	0.9775834
933	0.97775346
934	0.9780807
935	0.97812164
936	0.97895455
937	0.97897667
938	0.97945577
939	0.9796536
940	0.97967917
941	0.9806176
942	0.9807278
943	0.9807291
944	0.9810563
945	0.9810658
946	0.9813962
947	0.9817111
948	0.98269284
949	0.98277855
950	0.9831217
951	0.9832627
952	0.9834547
953	0.9843481
954	0.98449254
955	0.9845618
956	0.98473734
957	0.98502046
958	0.9853974
959	0.9861648
960	0.9868638
961	0.9868894
962	0.9871906
963	0.98835963
964	0.9893532
965	0.9894351
966	0.98951
967	0.99032915
968	0.9903997
969	0.9905394
970	0.99106294
971	0.9912511
972	0.9917628
973	0.99207
974	0.99227935
975	0.99244165
976	0.9926332
977	0.9926607
978	0.9926822
979	0.99288154
980	0.9929373
981	0.9932508
982	0.99388105
983	0.99454916
984	0.99468124
985	0.99487144
986	0.99539757
987	0.9956543
988	0.9957059
989	0.99589217
990	0.99598706
991	0.99612796
992	0.9962087
993	0.9970623
994	0.9977053
995	0.99801886
996	0.998101
997	0.9981433
998	0.9997468
999	1.0
