19.00932782252723	-27.22136251116859	-23.97865839683335	5.611973041844653	-18.891656709912667	18.783856900802185	33.75235775570746	-18.28981472719892	-36.828525228568466	60.631179188432874
-10.318782936830042	11.127785392146349	14.34543127853343	-5.306714686729876	7.569641671061538	-6.476532509867364	-11.56500721101879	7.56865712544927	14.913845688609957	-22.60685254217413
16.80296571407298	-51.66080092463353	-16.387619715377753	-2.7624086474653846	-34.35791490527811	38.76828393472664	67.92146991332275	-30.09728268696097	-67.16011661540675	110.72831380019836
-25.832688438496515	24.973873942029776	39.158723928264614	-12.599773635475328	17.419398276521182	-18.08409657000201	-33.651397494914164	18.92923471621072	33.866998422761526	-64.42119134949245
11.544462991269047	17.580311693977215	-17.286012516825966	13.211358332162533	10.250532915462303	-21.45907334249876	-29.1053479342795	8.002409900063297	24.088005573344116	-40.591543930798395
8.045871818547587	16.69647175791793	-12.212133162212218	10.1392503310706	10.097395342284006	-18.61781377726158	-26.656675211072912	7.917122525085444	22.314705864644957	-38.15124488046877
15.493477414920958	-14.595789189286924	-22.03997530767162	9.660025204809894	-9.70208277744523	7.211233332022009	15.310996350027246	-9.609650682984908	-17.976675093634338	29.92003211945288
12.27781552899815	-15.958813421446157	-17.30593969004943	6.540032698347331	-10.234049753671197	10.964096111900101	18.53497977633109	-10.246124081420517	-20.893813046061638	34.0355985988345
3.5002843664668415	-25.823111749851755	-4.478832784531467	-1.2412185235722188	-15.40222504845148	23.39054173355064	35.18358820483743	-13.788996928864506	-33.45617320034667	55.8586306566077
-10.150834967536452	-7.756738215336816	14.61780333820073	-7.9512132369282655	-3.604647885274917	10.53276874320092	13.537219144286134	-1.926059052853391	-9.43672448215885	16.17115656764922
