1.5084408765791697	-0.09217794043004095	-0.015747417293455253	0.016303146340784162	-0.04415889104087019	-0.13921452595670478	-0.2767717458972928	-0.3318979902514443	-0.2534864573603182	-0.15584314043480918	-0.11480851078271415	-1.5897614671677076	-0.20948572373467123	0.32944291787024693	0.3719838885743574	0.023888276412716413	-0.1701954058470872	-0.18252301921386627
0.1293508054033748	0.36993473823521317	-0.34676854589099243	-0.8840857780866868	-1.3202991165679845	-1.4375510348480165	-1.3443949768835861	-1.078848538514604	-0.7072032554651955	-0.3403898074559871	0.3116586176759555	-0.005421704317662678	-0.7171019782247827	-0.402200367524363	0.5258443510531378	1.284276138735046	1.472151892975058	1.001652982759925
-3.467763435163347	1.0132223752769214	-0.37938979565472386	-1.3230936443542292	-1.7711480863249873	-1.6016236387536122	-0.9772453432401927	-0.36921737894840656	-0.09618662002170313	0.08623708764018126	1.6846845691259769	4.541517586879661	-1.6554400616922926	-2.7601129683866557	-0.9957061598208761	1.7496765587920426	2.907750103597591	2.2880034168910854
-4.939315568615269	1.2626781875631536	-0.1810934296399891	-1.1256847477557135	-1.4494458728151212	-1.143365522268638	-0.3503293199207427	0.29486491724627206	0.3953597022124987	0.37509335229876856	2.1101817986772256	6.31693842777756	-1.78221275343295	-3.5117422433818635	-1.6702214692459267	1.6443658332110864	3.1342240437521434	2.596406677402776
-4.184360057352024	1.1726900423437787	0.29968673227748066	-0.2424882276565802	-0.3068554920629963	-0.018582863687416087	0.5749146333637065	0.9451816885985884	0.7890792963393443	0.5374523927678025	1.6212237720278502	5.2179768970072	-1.19330007177927	-2.7129573083432166	-1.5013214805128003	0.9996730863654927	2.200064421262234	1.9790411785275555
-1.8619007498108064	0.7970076947280189	0.7803942976951489	0.8127931605224442	1.0129473842780758	1.1637055780903924	1.3339959623107775	1.2870942672480308	0.9194159690709117	0.5170726885543504	0.5655353155931049	2.151299976948583	-0.2541801819638767	-0.9541195472878052	-0.7144744034066268	0.13915590026597455	0.6431930315229418	0.8038108685410533
1.0620388397239675	0.3437002018434918	1.1705256682684941	1.754984315989768	2.1571228385614956	2.1179877612749594	1.809430003328029	1.345021267008469	0.8443266838982031	0.37961352140543225	-0.5961186427998554	-1.596427576658381	0.6424964128960216	1.0106021688518494	0.3085535535260596	-0.6432804097064376	-0.9392006693569295	-0.44363919401993546
3.173920818697632	-0.0406421361008601	1.3031296724105728	2.2176686622415565	2.706743155518663	2.5215134761909255	1.8867576373201456	1.1706389330934002	0.6473442381752298	0.2098147560895692	-1.4158767857638126	-4.286314117353871	1.2277193662931274	2.384942040149054	1.0797458192977623	-1.1167536143075085	-1.9865009214523597	-1.3149554921798017
3.111126748610278	-0.17957250316783513	1.0219974830640486	1.8324695875388557	2.235335697455633	2.0457217938963237	1.4524065775563646	0.8228878933011364	0.41951781599671717	0.09852338363603018	-1.3687115885452839	-4.156856344817625	1.1611367923894609	2.3008686912624654	1.0851411346435789	-1.0238371519914309	-1.8874703890336384	-1.3164636767873015
2.1866860554000676	-0.1671817300726469	0.5934219837413293	1.1018311323073209	1.336057879137679	1.1987778622146685	0.8036815487517702	0.40664184831926975	0.18332471462224237	0.015674242180176042	-0.9119355834836431	-2.8779372636889993	0.731485500831262	1.5373862073544033	0.7634075359720177	-0.6434279409056561	-1.234058749475296	-0.8879066840103781
10.769280450818297	-0.5517771863598284	0.7525496366014823	1.5316373007970974	1.5204005856936307	0.87804879157718	-0.2982714166468811	-1.0678004307582258	-0.9741447172045861	-0.7207625842282658	-1.390670024259116	-11.791261404807406	-0.5907181868558836	3.1950103723650516	2.6477579169732186	-0.6662984324814237	-2.2799440155099076	-1.8928042265158724
8.00363059627744	0.008419568492012234	0.2811306139794187	0.4239480018446188	0.2933691519610279	0.022134209918521594	-0.434500101960332	-0.6421118198830813	-0.4988869317432024	-0.3188814058316884	1.4664068392348357	-6.4059081544949645	-2.58171314451915	-0.46200640216719696	0.38171305518830356	-0.17925427625441706	-0.47941589126259204	-0.3656275394816932
-8.12786719470435	0.7766062813815228	-0.8360840014968023	-1.7755348919820189	-1.7302023521589118	-0.8996578473115389	0.5319237473145177	1.5002136896278488	1.3648418800581708	0.9985004703613556	4.572755506471677	12.570092261003824	-1.898836535087775	-5.9797310341153596	-4.382919040195969	0.3362930081129854	2.684145341979779	2.362339964547763
-8.439485708367654	0.21429615474081815	-0.7187003648983464	-1.2011625709851446	-0.9278011768029321	-0.16847905940051636	0.9985131934633987	1.6764453013741145	1.4010473249385922	0.9482565363011951	3.0083295864458157	11.790694317843887	0.19801292298950904	-3.7826023092121925	-3.516821197566642	-0.37242460832430774	1.2890314555097178	1.2157113802646367
-2.084052635167243	-0.7291206896263572	-0.3162452288164529	0.008496761224611963	0.32072815309583846	0.49425426017310153	0.5914585802492216	0.5361047517307731	0.3644855083084218	0.18997335531479384	-0.13460447961765398	2.8812665697595983	2.1820112569758225	1.0252328322434943	-0.31482135505020803	-1.0282056491482428	-1.2489633997101648	-1.0170559248114188
5.607376210965428	-1.4379824462685464	0.17953305483184118	1.2034925605426288	1.4519817853380117	0.9874044187302395	-0.01707830338871717	-0.7804558852425932	-0.7868952160863733	-0.6247094797940621	-2.8416687597460544	-7.140854441956005	3.183089114429709	5.281991744903943	2.8693453389346746	-1.4025002166081995	-3.3963768190863943	-2.922552320834435
7.37553249111787	-1.249152895892628	0.13560294930220415	0.9542627389684502	0.9359400439488443	0.29616831617557005	-0.8428333611562043	-1.572157109712561	-1.3479547649225234	-0.9342950414428988	-2.998055435250413	-9.328717932559616	2.38843870454552	5.36969155842566	3.5427911720293452	-0.7224465652728479	-2.824501071080072	-2.5661712020347243
4.084083164709594	-0.38920774774484757	-0.16674595313241783	-0.11262651031312755	-0.4223406948768925	-0.8334252177914694	-1.3610471464448548	-1.554752661401181	-1.1819744410288107	-0.7161152555101477	-1.2917726307215693	-5.025457185469319	0.5601338734525754	2.3738752409368424	2.130855457432039	0.48276774720344134	-0.456900808514109	-0.6395652531729702
