0.3284939977691947	-0.35820480079348466	-0.40590878700193767	-0.4082418534664677	-0.3962972891952622	-0.3626608171736078	-0.31079359416584795	-0.240208206826953	-0.1511570756335222	-0.06223374341317125	0.29492376990758573	0.19904999124481038	0.11249147063470426	0.010326651794342214	-0.06651680584596244	-0.16131876798140224	-0.23716453402174828	-0.30178883432145354
0.016209187905633533	0.3395663222979963	0.35648762657749455	0.3407390620895653	0.3178771283341541	0.2815901405279211	0.23549143826901367	0.17930166329771635	0.11271898705018792	0.04645571076760463	0.03385843859479021	0.082474158709596	0.12689942836685328	0.17534009486107538	0.21445510687595845	0.26012705591546553	0.2917348339608449	0.3207925206716479
-0.011293041467010913	0.38883121136825516	0.41078640341390843	0.39438965551241717	0.3692623650144213	0.3281118169678598	0.2750453015998383	0.2097262827055529	0.1318584515892696	0.0543382937334454	0.01020843543584799	0.06972926264810346	0.12402884645303092	0.18390862359896232	0.2317721998983672	0.2880978345099097	0.3279629338746155	0.3641709887293324
-0.030011041781370564	0.39360872873377534	0.417438640997058	0.40185897768593876	0.3770773371161851	0.33567074873444264	0.28177812460117974	0.2150484327401351	0.1352124111064015	0.05571709147886366	-0.007441540039816833	0.05520776982972037	0.11230853683350611	0.1756693439549445	0.22603389042451139	0.2855580726517971	0.32819797499108744	0.3666772468108614
-0.042645097099418286	0.3839341518588845	0.4083334530775734	0.3938697869469302	0.37016822765946855	0.3299589981428042	0.2772657172491865	0.211738524290498	0.13313686151356374	0.054859434799366474	-0.020051802559207584	0.04278290221021521	0.10001605288762408	0.16379532517596188	0.21429867281445372	0.2741637446723742	0.31740012481097835	0.35624804173366925
-0.04877945070326383	0.3526765862838065	0.37591927806434594	0.36315978808017024	0.34172620955569216	0.30491960783287486	0.2564262802852879	0.19591949276757537	0.12319413892725554	0.050760810693657295	-0.027609944903210115	0.03134857559597428	0.08502552820055288	0.14503171686529165	0.19241242976443887	0.24869961173111738	0.28959738521073397	0.3262268345448033
-0.04790923149301404	0.30306962429852063	0.3235605658151808	0.31292424596853546	0.2947164944504714	0.263167530514975	0.22143906608736688	0.16924698403800667	0.1064249233504902	0.04385018696653748	-0.029458192453154248	0.021980293365716733	0.06879525497958931	0.12124630505995374	0.16257934000827157	0.2117574861357805	0.24763945176603802	0.2797055732299049
-0.03986502001047161	0.23462511406341305	0.25072819070786506	0.24264610937290546	0.22864810893245163	0.2042613692365944	0.1719307538150521	0.13143476209702798	0.08264918792050302	0.03405340335971374	-0.025460836034809597	0.014719010404740634	0.05128018751033752	0.0922959302058094	0.12458017109876861	0.16302647903026588	0.1911462950705265	0.2162435113516387
-0.025202519903645294	0.1476596469761949	0.157803830251278	0.15272366599740742	0.14391813050203725	0.12857203732348843	0.10822392856388886	0.08273434097934265	0.05202529419113782	0.021435621311203107	-0.01613242757972291	0.009169149846751311	0.032191732323292074	0.058021506613093146	0.07835107578356702	0.1025623324232495	0.12027332869878288	0.136079265171635
-0.010326456165558585	0.06078700645858114	0.0649588562851833	0.06286483891695768	0.05923815271950428	0.05291997712416504	0.04454373268846495	0.0340520337514723	0.021412697783052412	0.008822533883933396	-0.006594678963590378	0.003814936428500077	0.013287047764166103	0.023913194057527513	0.032277252485449145	0.042237729502766906	0.049522826204869905	0.05602486865185414
0.31515752545337866	-0.3243563666283289	-0.36908197277329013	-0.3721651683483847	-0.3619728755918224	-0.331752689983432	-0.2846207508803607	-0.22012582992359003	-0.1385257376654737	-0.05703065436702298	0.2839935135229695	0.19489500395842788	0.1144822670864449	0.019355441828162	-0.052049530814295905	-0.14028168117740747	-0.21113782719642088	-0.2713958188737531
0.2751945979871972	-0.22743246227429298	-0.26347629482521495	-0.26861018685986565	-0.26337297175460095	-0.24291137790150522	-0.20935539803289288	-0.16235840781882066	-0.10219072139637236	-0.0420638592049882	0.25099747687880897	0.18152866780180207	0.1189179890886035	0.044206415445484315	-0.011442945217621896	-0.08062327482886932	-0.13697358191418418	-0.1845543693569576
0.23967329841461354	-0.14000201304401486	-0.1682599857499869	-0.1752726244280933	-0.17452372372492522	-0.16287197575501203	-0.14155728236198833	-0.11032708345694356	-0.06946384310549297	-0.028583209864339598	0.22173786211723098	0.1699080316053162	0.12329517137740827	0.06692130302997323	0.025430035731220962	-0.026635696249426393	-0.06996583290798122	-0.10616295588491276
0.19356120907841437	-0.03623741173153568	-0.054913323874897266	-0.06393890980139295	-0.06837756656811271	-0.06712843926736452	-0.06037905891738276	-0.047990708443630396	-0.030253740027392693	-0.012432678270483779	0.1832283887590568	0.15284315896481834	0.12567112038125214	0.09164521874125167	0.06736427430493493	0.03614406416598178	0.008752937880402524	-0.013545043003160282
0.16168703027456963	0.04142641395754363	0.029694342067910377	0.019017469966319568	0.010603177936959293	0.004030894035662654	-9.657699897826894e-5	-0.0017242536008265444	-0.0011527506631501666	-0.0004456347154864096	0.1569303011199326	0.14225504606255554	0.12933060714814146	0.11164136650040259	0.09996998836007183	0.08399583728398428	0.06820989514894009	0.056055481123857054
0.11965521266247822	0.1376096715307924	0.1346981312924777	0.12211639504165607	0.10886851459363646	0.09264410252351633	0.07502216643902657	0.055952559191081545	0.035126179429023074	0.014497670168322391	0.1219148603686224	0.12702564112853856	0.1320399337887642	0.1349607661894666	0.13916905230896862	0.1424214438508984	0.14132249544721773	0.14198180217847717
0.08085902585345767	0.21526510567883683	0.21989490748563123	0.2060417298359301	0.18906256728821388	0.16511061721662718	0.13654811348909457	0.10323732048745929	0.06487031403398588	0.02674850130697717	0.08899379491199502	0.11070639865669082	0.13076220874904165	0.15104125144960223	0.1685707702112646	0.18800186988828732	0.19935858491932734	0.2108411320861992
0.05003130381969005	0.28112756063184263	0.2919740541524335	0.27692866778392183	0.2567117200844185	0.22617786160381848	0.18835571580718347	0.14303441816206114	0.08990361270246164	0.037059394287864686	0.06305912921114118	0.0985844038231081	0.13115894594704075	0.16585326537138334	0.1944671969476809	0.22733988801144345	0.24900530064003004	0.2694632944513241
