0.041434482050474175	-0.01579803815715364	-0.014657154942425983	-0.013268292763829029	-0.012361369259409342	-0.011107942274487493	-0.009498021800549738	-0.007082332602665073	-0.004321963279627102	-0.001371411397136654	0.030767737111968063	0.007414382731600838	-0.010204697710316856	-0.02109389951994231	-0.02508363997674666	-0.024423051369090554	-0.02118431362904974	-0.01824590709025684
-1.2619900932825772	-0.22721481197742482	-0.40889923278351814	-0.524486935326868	-0.5434345506896886	-0.4909128124460224	-0.3859630720072311	-0.27210478778946856	-0.14974335797725918	-0.06606596629412785	-0.7907703349556437	0.22646553759403887	0.9359901507424594	1.2165157422775423	1.156724011703665	0.8402406523716281	0.4358481512730023	0.07740754433363357
-1.0181571296472027	0.07991394770125265	-0.009434321748024548	-0.06363797181404629	-0.06905413901742159	-0.04965329708167992	-0.01812198905261885	0.00014334181704131677	0.011795206032676257	-0.0014494013350289253	-0.6557983112612016	0.12841714228688889	0.6730281456715509	0.914879601243476	0.9046778346162223	0.7186055980550481	0.4678581910678485	0.2530272286615729
-0.4400137940983294	0.4948445348722168	0.5456016624848646	0.5802571251586015	0.5898779913438637	0.5569241758069451	0.4805650737594119	0.3650072120922423	0.22508452064032397	0.08522368991966227	-0.3038555576765061	-0.005706621167802209	0.1988224256167208	0.3361669104022968	0.39536239946678214	0.42511623783334934	0.43388019694421776	0.45658040714593506
0.11295382218442046	0.8005856769532252	0.9622131420522579	1.0651748843739313	1.0841185402553477	1.0086817548166915	0.8484386493723716	0.6319866657175078	0.37949250050905375	0.1486779762054417	0.04225329093435171	-0.10472486376084651	-0.21030689360222038	-0.1765346244646598	-0.06503621762322731	0.14376975440016207	0.3699756575930681	0.5896317806697383
0.5841093740450517	0.9812946893783028	1.219583973677944	1.3684750368039793	1.3921461293358461	1.2874277393899345	1.0719465157302175	0.7920602697934281	0.470353334995718	0.18682157886782633	0.3430154389626756	-0.1711867357929358	-0.5318016375255854	-0.5907442326494132	-0.4463394527634085	-0.10643959848835968	0.28150752971727144	0.6458205677930309
0.8365874531843672	0.9854012823877689	1.2455242195187781	1.4061413724842593	1.4293199863522532	1.3171019430787272	1.0904890767149678	0.8020885848465213	0.4733424639924795	0.18940615982067208	0.5095424642918104	-0.19056744680883286	-0.6795704522570137	-0.7941501720524968	-0.6452603019918282	-0.2585718387465067	0.19072412044071865	0.6076000847019116
0.8583503293442369	0.8433318177458192	1.077904075320168	1.22177156377952	1.2413167041065771	1.1412677910047384	0.9414782025330795	0.6904331077619561	0.4057810762254781	0.1631662753896661	0.530006907903635	-0.1739762864446274	-0.6648655151480973	-0.794513516309743	-0.6648609494842241	-0.30800766451004025	0.11063594332293396	0.49658548158607113
0.6730122645200001	0.5754021448746905	0.7421481749356836	0.843635706880653	0.8564798847478355	0.7856891475739124	0.6459602630859193	0.47239163704828435	0.2765797031273489	0.11169843838365875	0.4198984640523664	-0.12335788374499307	-0.5016422138988333	-0.6091466220225966	-0.519495705948938	-0.2607719734335733	0.04491316476366937	0.32528322923032843
0.29416857509058647	0.23954622323860372	0.31027495231562024	0.3532903683699303	0.35868352061241804	0.3288398379911457	0.2700601109651921	0.19731822362363766	0.11537701155854682	0.04667401227349739	0.18392250760832565	-0.05277991647642172	-0.2175769239651196	-0.26550864541951913	-0.2279482030276296	-0.1175799022217166	0.013196961998386145	0.13295089720408682
0.7472041764053784	0.10314487385351184	0.15900229059631793	0.1807370878107876	0.16950027106419063	0.13708145238380415	0.09398435764846302	0.05710754170428771	0.02494867962473084	0.013554809912812072	0.5183037429429248	0.023377866092160558	-0.3155019584657219	-0.45984212301863286	-0.44354451031466946	-0.31374145517575663	-0.14911637206785164	-0.008733205594431175
2.2149431175174743	0.3412969941290183	0.5073756500736203	0.5685487233373517	0.5309186432050939	0.4290907699922584	0.2953010170009225	0.1800552030482867	0.07940310760352848	0.04206039800386825	1.5343274618836484	0.06322234707398698	-0.9402427750708071	-1.3618212043021714	-1.3050431962817255	-0.9106289556376531	-0.41513909443259384	0.0064041893268418915
2.667137540475941	0.25268246139615513	0.39989749141746644	0.432300625984869	0.37161165123500783	0.26049300938995695	0.136238168015841	0.050784165938746094	-0.005292427513961211	0.010876978763086468	1.8754329585582183	0.16283239881782358	-0.9994816334572683	-1.506683571796091	-1.4652543266303115	-1.0493950788224693	-0.5224336136386515	-0.08345768374246408
2.24998673561227	0.02910854949622098	0.08633641282268209	0.06059258670855377	-0.010957606498805783	-0.09167313115267305	-0.15198765373435325	-0.15940299566999744	-0.12738462407447526	-0.03932256942967792	1.6211012985228888	0.258916323516721	-0.6577471694780141	-1.0821890026780534	-1.0808476702597274	-0.8055533473659515	-0.45089895515134276	-0.16869075199212996
1.3271000015327028	-0.25634769896455495	-0.32337345465476963	-0.41851873593187955	-0.49143291255962496	-0.5196811051674949	-0.4887017028317373	-0.39638142255089376	-0.25886741752243775	-0.09569129889710745	1.0159235755512852	0.3390291872475431	-0.10406770553910516	-0.34867099546529945	-0.3985829914304143	-0.3503375278088015	-0.27707690251624106	-0.2436788561236339
0.25179457168606884	-0.45992932956452603	-0.6338338539498347	-0.7812615274370959	-0.8459819156514927	-0.8232200343895218	-0.7145882144259307	-0.5469670033074246	-0.3359708876831704	-0.13145453098308824	0.2924730875125568	0.37554062779456554	0.4544671475624847	0.4217883614489026	0.3332856503849518	0.1607177275505844	-0.04343581433232297	-0.25037530234500166
-0.6080892285252839	-0.5165140955490486	-0.7448038881775728	-0.9106536921059805	-0.9608665916186013	-0.9056961846252745	-0.7585961908963958	-0.5643692108815044	-0.33520113018805864	-0.13551533021465093	-0.3011534679639877	0.3578838594398169	0.8298068473569119	0.9686281670302058	0.8667330539569514	0.5536270168140403	0.16915642463971428	-0.18922229987920033
-1.1146688645845555	-0.4392489657891049	-0.6703130651275304	-0.8256333698413162	-0.860568774417206	-0.7953887772394819	-0.6493864974747465	-0.47296184117017875	-0.273227937990227	-0.11376951995585559	-0.6635704886558901	0.3082580529897597	0.9913401593175358	1.2349572862232663	1.142567550721534	0.7810957013106351	0.3293826433081169	-0.07992281020560273
