TE	0	1	2	3	4	5	6	7	8	9	10	11	12	13	14	15	16	17
0	0	0.00010611972836610656	0.02166388393032538	0.023363177179494925	0.023864017249744372	0.03935063520546909	0.047671770304287354	0.06560767223211464	0.06540163510008805	0.019550819284457687	0.32268932245899157	0.12253846943907983	0.04847966247845602	0.027893481476319277	0.02508370041085914	0.0058526156404072206	0.012565943101535687	0.0185149060792938
1	0.22889506102372406	0	0.013316970309380931	0.011596114642379564	0.01639831019484208	0.016447381538819795	0.022609612541876437	0.027558847908287318	0.03552936797841762	0.015142137812056922	0.1905102345797139	0.058304308699178076	0.03895048251722431	0.0135548528219314	0.002387540420912498	0.01155170563147838	0.0073060023597012694	0.016988075847816867
2	0.24641865794472226	0.01023741346654852	0	0.013993292688290714	0.01751109289058864	0.023394291475107867	0.01947107455936839	0.0357425310613718	0.04092295998314692	0.006138069543075731	0.1971735228205153	0.06061148734240608	0.02577493506286292	0.020361316219657376	0.009162996357471314	0.008037346053368392	0.006530590228265673	0.015672682945292702
3	0.2063771072902079	0.005012791708925351	0.012853337779730769	0	0.030183831182115643	0.026420151172223346	0.014370302131834288	0.048006394501914955	0.05058267041356488	0.008936222105656576	0.18739545074116556	0.07180756529968402	0.03140106294007415	0.012855718501759789	0.005523296147872476	0.0192401701671919	0.011368216571881248	0.01796126787199432
4	0.22241853468834194	0.012753761986733761	0.005271630137729635	0.013997959246930806	0	0.025133194191183903	0.021574892042330363	0.05093171083131474	0.05246145318694908	0.014082092451104429	0.17355925927174748	0.05808186468278354	0.0344548383190015	0.029200348184408087	0.002142717898545584	0.008571039259626344	0.0026157663008625045	0.013175880594519856
5	0.21240050282828107	0.01417669487574515	0.005647395079790323	0.018403627253469525	0.015747408520439436	0	0.03392622277140518	0.05578261658507996	0.05910984292638741	0.025292338993586436	0.16980787378316584	0.05346992011692664	0.0241852598588214	0.013205103637554725	0.007035146116101134	0.008607500944067257	0.006976971017749386	0.007692703644027011
6	0.1973856844698432	0.018796221106370782	0.008132933523100514	0.00939609489240185	0.018262731430957278	0.018856869134179503	0	0.07388070417613586	0.06697446432619236	0.02434824640900013	0.17513401986608643	0.05999899844353242	0.036473709935148514	0.01106205148330994	0.009659364038350738	0.009890026709376222	0.014184823024234235	0.009524919151292222
7	0.16797354105683474	0.011753765643372294	0.01511813651235937	0.009009456847432564	0.008806075555526002	0.028576193456148875	0.032699937440385414	0	0.0492858573264899	0.02034154798069916	0.17280373539076505	0.06191604150009169	0.019421210763148403	0.02318101419405664	0.012088251213296625	0.0010984542799258486	0.00990948146460305	0.004018739702145838
8	0.13055466366107435	0.00569041356982449	0.010506980518419255	0.006709620065758219	0.012950283512924252	0.01827973763656725	0.021841390403114263	0.05663877244979599	0	0.0272676740492137	0.12922791600459807	0.065613309003092	0.023267702221300205	0.023917451807049357	0.012899855460211695	0.015468911261917464	0.0047138551323285035	0.0072472672680215
9	0.047787676253732106	0.007722730852215254	0.01181596146614208	0.007037209053152561	0.019443304280117063	0.019722630729071183	0.020514912566769045	0.026275030676802872	0.03414138079645566	0	0.06888964507732592	0.04151596710935182	0.02321994981661277	0.020079247530729562	0.010101228245153885	0.016053153043571994	0.015254451279840691	0.012050498025576062
10	0.33645994146632396	0.006722281500207136	0.008061979072449307	0.016491425480642398	0.0016348886670796154	0.043770590990370555	0.036268318153007954	0.07326108824239849	0.05410790629476337	0.017531671655234754	0	0.09672770488041195	0.05419046982989315	0.035551167766807855	0.018405245270819496	0.008444766727400594	0.017153947688777513	0.01073920328568272
11	0.3137582885704335	0.006076800157510429	0.01011990436598055	0.009772130392540766	0.010270841254588681	0.015023253747329652	0.024149047912189654	0.04688276291525833	0.03863756835991118	0.011377297191724657	0.2637434908499348	0	0.03652001376812892	0.020129499693461592	0.014256849179817843	-0.0005575720168325128	0.008725496497405614	0.008516083716169388
12	0.2667025867145049	0.008145324760312277	0.0006606586535732117	0.0007599976631416924	0.009524009487724435	0.01590509687626898	0.01696233049420518	0.036719699286899575	0.031903145377213026	0.013115664148709958	0.2507478731496607	0.04271424227637486	0	0.02669748228932831	0.008893997350809991	0.00015752953788556007	0.0029928540272392214	0.006802388957570309
13	0.28937175232964224	0.008083110994199094	0.005834878225989927	0.014447523208793722	0.014246196932978558	0.018728875413056484	0.021591811045835584	0.032840085824524766	0.03230265219911641	0.015720895055300093	0.19684145410872322	0.04956446450106105	0.01447995883965236	0	0.01167453477477604	0.010433856808257208	0.003611856855748034	0.004593796388570836
14	0.2619345225517261	0.007246861908805641	0.005332942559758372	0.005487851966139509	0.012266835927894256	0.01628650465753353	0.016624631817311403	0.03185151455230704	0.027759796756126096	0.005572810034083687	0.20774366240554268	0.06708192937102994	0.03228260502778979	0.0232929520306331	0	0.010467026626960479	-0.00015885622634551815	0.002306018909875159
15	0.24361766236805676	0.0028901736462990982	0.009894777680186808	0.006463069365924509	0.007534052782246119	0.015759128435511884	0.018403487192353674	0.030182240529278374	0.030213028820627142	0.006293360862130803	0.2229080303368668	0.04361983546860444	0.029681246807050792	0.014057971744696137	0.010292554432246057	0	0.005197344010934207	0.00272822162828157
16	0.2692679937742412	0.0063618297172396785	0.006038865130740507	0.00622641856262108	0.008482703236464354	0.011056266086168134	0.018572416727816236	0.033286729577658256	0.024644774040093454	0.00713597480850641	0.20704751966221252	0.05405651472749275	0.039582148803275465	0.020294754089152357	0.006549061097312858	0.02016697030000629	0	0.007669849062437004
17	0.24071583389311194	0.0059913467464183185	0.011236318795277917	0.009261886889161903	0.016780511975961063	0.016538764989471075	0.021275790406502255	0.0268326881449169	0.03589359537159313	0.015902030112514107	0.21647439141555497	0.06323235866169875	0.03654770933497146	0.017322142627495332	0.0074318044580393	0.013009342150986059	0.01669298799496202	0