0	0.0
1	0.0006079377
2	0.0016097678
3	0.0030903763
4	0.0058926665
5	0.008561582
6	0.015789552
7	0.016743107
8	0.01957821
9	0.022831438
10	0.02520052
11	0.025469573
12	0.027284369
13	0.02886121
14	0.030933429
15	0.032151926
16	0.032302916
17	0.033803657
18	0.036451437
19	0.037464537
20	0.0405314
21	0.042853188
22	0.04417219
23	0.044873532
24	0.04838723
25	0.04949242
26	0.053303413
27	0.053325962
28	0.057024453
29	0.05928908
30	0.06350589
31	0.063854255
32	0.06610283
33	0.071009435
34	0.07119764
35	0.07219351
36	0.07242567
37	0.072988704
38	0.07345446
39	0.07467378
40	0.07478476
41	0.07867289
42	0.08085316
43	0.08180511
44	0.08655719
45	0.08757829
46	0.08895614
47	0.09001163
48	0.090141
49	0.09025394
50	0.091543004
51	0.09234329
52	0.09393463
53	0.09458701
54	0.09463466
55	0.09863606
56	0.10035155
57	0.10119892
58	0.101849504
59	0.103801064
60	0.10407046
61	0.1049286
62	0.10561662
63	0.106220774
64	0.107043475
65	0.10766473
66	0.10975733
67	0.110167615
68	0.11046015
69	0.1105968
70	0.11372426
71	0.11396282
72	0.11546915
73	0.11642332
74	0.11657184
75	0.11690809
76	0.11705968
77	0.120770544
78	0.121785484
79	0.12251916
80	0.12314636
81	0.1239577
82	0.12468179
83	0.1257894
84	0.12671222
85	0.12673333
86	0.12809873
87	0.12824616
88	0.13081434
89	0.13189608
90	0.13274069
91	0.13325348
92	0.13449475
93	0.1346543
94	0.13638566
95	0.13685523
96	0.13758953
97	0.13764897
98	0.13859546
99	0.13902174
100	0.13958484
101	0.1397976
102	0.140848
103	0.14104821
104	0.14302655
105	0.14304532
106	0.1433345
107	0.14362194
108	0.14416528
109	0.14488566
110	0.1454524
111	0.14649166
112	0.14675225
113	0.14731075
114	0.14761083
115	0.1479555
116	0.14942986
117	0.14985378
118	0.15019564
119	0.15078023
120	0.15087204
121	0.15109754
122	0.15155865
123	0.15202928
124	0.15263142
125	0.15286194
126	0.15288469
127	0.15289082
128	0.15336649
129	0.15430665
130	0.15534908
131	0.1578037
132	0.15991351
133	0.1612108
134	0.16183814
135	0.16277249
136	0.18137003
137	0.18468603
138	0.18897033
139	0.19610795
140	0.20048875
141	0.21093641
142	0.21382082
143	0.21439098
144	0.21448831
145	0.21574856
146	0.21969308
147	0.22145018
148	0.22400644
149	0.22674087
150	0.22801772
151	0.22966479
152	0.23119077
153	0.23697259
154	0.2407776
155	0.24330075
156	0.24562386
157	0.25089884
158	0.25120583
159	0.2531738
160	0.2573237
161	0.25924876
162	0.26446143
163	0.2704951
164	0.27976838
165	0.28010178
166	0.28149495
167	0.28399727
168	0.29136524
169	0.29140002
170	0.2921992
171	0.292929
172	0.293452
173	0.2937233
174	0.29728812
175	0.29836988
176	0.2988416
177	0.29893902
178	0.29951328
179	0.3030198
180	0.30306342
181	0.30310783
182	0.30509257
183	0.3074089
184	0.30752388
185	0.3076582
186	0.30807817
187	0.30811873
188	0.30941287
189	0.30995244
190	0.31025994
191	0.31069034
192	0.3121082
193	0.3128608
194	0.31399024
195	0.31498942
196	0.3171231
197	0.31933868
198	0.32021013
199	0.32109597
200	0.32117704
201	0.32154414
202	0.32189503
203	0.3219648
204	0.32263243
205	0.3227413
206	0.32281166
207	0.32287222
208	0.32292277
209	0.3234452
210	0.32346117
211	0.32349554
212	0.32350305
213	0.32389444
214	0.32483387
215	0.32521072
216	0.3253732
217	0.3254872
218	0.32557043
219	0.32573736
220	0.32619506
221	0.32630792
222	0.3268561
223	0.32721215
224	0.3275374
225	0.32759905
226	0.3277127
227	0.32864034
228	0.3286769
229	0.32885712
230	0.32887617
231	0.32945672
232	0.32954025
233	0.3296314
234	0.32979012
235	0.3306746
236	0.33103424
237	0.33112034
238	0.33160368
239	0.33180526
240	0.33237353
241	0.33244523
242	0.33427894
243	0.3357223
244	0.33620596
245	0.336501
246	0.3374512
247	0.33893016
248	0.34016082
249	0.34408584
250	0.34651303
251	0.34725907
252	0.35166162
253	0.35389
254	0.3721982
255	0.37568566
256	0.37632775
257	0.37807983
258	0.38081467
259	0.39921248
260	0.40610465
261	0.40937728
262	0.41928762
263	0.42031536
264	0.42241433
265	0.43782148
266	0.4572282
267	0.45828643
268	0.46073562
269	0.46780077
270	0.4688423
271	0.46949208
272	0.46995595
273	0.4738062
274	0.47722414
275	0.4822494
276	0.4868887
277	0.4876423
278	0.49436805
279	0.5014229
280	0.50818175
281	0.5171876
282	0.51724106
283	0.51889914
284	0.5198003
285	0.52131575
286	0.52184576
287	0.5223386
288	0.5226718
289	0.52275443
290	0.523217
291	0.5244018
292	0.524662
293	0.5248366
294	0.5258624
295	0.5260373
296	0.5289114
297	0.529856
298	0.53056794
299	0.53087455
300	0.53153366
301	0.53206784
302	0.532225
303	0.53308773
304	0.5333018
305	0.53359914
306	0.53431386
307	0.5347132
308	0.53527844
309	0.53545046
310	0.5355664
311	0.5364134
312	0.5365954
313	0.5366595
314	0.53691226
315	0.53694934
316	0.5369803
317	0.5371632
318	0.53746736
319	0.53759384
320	0.5379695
321	0.5379778
322	0.5380285
323	0.53805155
324	0.53813237
325	0.5382789
326	0.53833413
327	0.5383531
328	0.5383814
329	0.5383927
330	0.5384537
331	0.5386914
332	0.5387315
333	0.53874576
334	0.53882235
335	0.5390488
336	0.5392194
337	0.539555
338	0.5397572
339	0.5397949
340	0.5398761
341	0.5404044
342	0.5405072
343	0.54068726
344	0.5408582
345	0.5409217
346	0.54140526
347	0.5418774
348	0.5420317
349	0.5422898
350	0.5428216
351	0.543058
352	0.5442646
353	0.54645145
354	0.54750884
355	0.54892915
356	0.54942214
357	0.54955846
358	0.55468196
359	0.5593934
360	0.5595301
361	0.5608821
362	0.5612593
363	0.5643327
364	0.5671709
365	0.56860524
366	0.57058424
367	0.5717348
368	0.59017503
369	0.5940686
370	0.59579504
371	0.6017441
372	0.60178643
373	0.60464364
374	0.6062215
375	0.60640216
376	0.6096209
377	0.6105095
378	0.61194575
379	0.6123997
380	0.6130309
381	0.61324686
382	0.6136365
383	0.61364925
384	0.6141057
385	0.6143396
386	0.6156182
387	0.616464
388	0.6166843
389	0.61715055
390	0.61723995
391	0.61747783
392	0.6175963
393	0.61769116
394	0.61804074
395	0.61804175
396	0.6180982
397	0.6182176
398	0.6186233
399	0.6186327
400	0.61890125
401	0.61890805
402	0.6194168
403	0.61953014
404	0.61958534
405	0.6205203
406	0.62079847
407	0.6220406
408	0.6221921
409	0.6227296
410	0.62288827
411	0.62292063
412	0.6229426
413	0.6231236
414	0.6231351
415	0.623633
416	0.62564874
417	0.6257698
418	0.62577176
419	0.6258478
420	0.62680423
421	0.6274596
422	0.6275841
423	0.62786144
424	0.6287756
425	0.6302045
426	0.6306613
427	0.63078475
428	0.63099664
429	0.6310907
430	0.63116235
431	0.6316065
432	0.6323363
433	0.6326114
434	0.63271874
435	0.6329369
436	0.63348925
437	0.6338066
438	0.6350953
439	0.6351709
440	0.6352733
441	0.635387
442	0.63544035
443	0.6361805
444	0.63642824
445	0.6367098
446	0.63700163
447	0.63732576
448	0.6374233
449	0.63748664
450	0.6375462
451	0.63791543
452	0.63855803
453	0.6395993
454	0.6396373
455	0.6410227
456	0.6418639
457	0.64208263
458	0.6421912
459	0.6426215
460	0.6431225
461	0.6435408
462	0.64361614
463	0.64379853
464	0.6443023
465	0.6444138
466	0.64465886
467	0.6455092
468	0.64560956
469	0.64583004
470	0.6459391
471	0.6466401
472	0.6470951
473	0.64828455
474	0.64833295
475	0.6502653
476	0.6514365
477	0.65157324
478	0.6517516
479	0.6537859
480	0.65647054
481	0.65723056
482	0.6590391
483	0.6668836
484	0.67148995
485	0.67379767
486	0.67422193
487	0.6743093
488	0.67813784
489	0.6796989
490	0.6809067
491	0.680985
492	0.6813544
493	0.68186903
494	0.6821023
495	0.68389773
496	0.68455493
497	0.6849451
498	0.68519026
499	0.6855839
500	0.68595517
501	0.68829215
502	0.6888973
503	0.68911046
504	0.6895334
505	0.68992066
506	0.6899343
507	0.690509
508	0.6909563
509	0.6918041
510	0.69239193
511	0.6924405
512	0.6925045
513	0.6934286
514	0.69344246
515	0.69365454
516	0.69389
517	0.69437754
518	0.6946574
519	0.6960676
520	0.6970596
521	0.697389
522	0.69815946
523	0.6983754
524	0.6985183
525	0.69868684
526	0.6994638
527	0.6994728
528	0.6996653
529	0.6999134
530	0.7004239
531	0.70062107
532	0.70068955
533	0.70136756
534	0.7014247
535	0.7015882
536	0.70185226
537	0.7022509
538	0.70237017
539	0.70263433
540	0.7026761
541	0.70316595
542	0.70320195
543	0.7034151
544	0.7036612
545	0.70368975
546	0.70398206
547	0.7040589
548	0.70412165
549	0.704171
550	0.7043766
551	0.7044188
552	0.7046066
553	0.70461804
554	0.7046898
555	0.70490426
556	0.7051222
557	0.7051309
558	0.7051892
559	0.7052003
560	0.7052779
561	0.70544124
562	0.70556045
563	0.7059218
564	0.706039
565	0.706046
566	0.706179
567	0.7061836
568	0.7061891
569	0.70622206
570	0.7062578
571	0.7065628
572	0.7068321
573	0.70695335
574	0.7069879
575	0.7070437
576	0.707619
577	0.7081278
578	0.7082227
579	0.70862126
580	0.70886034
581	0.7093806
582	0.70977575
583	0.71021014
584	0.7102958
585	0.71077603
586	0.71089625
587	0.71094424
588	0.71120995
589	0.71127504
590	0.71150815
591	0.7127557
592	0.71276045
593	0.71384305
594	0.7145914
595	0.7148995
596	0.7191217
597	0.71931845
598	0.7255318
599	0.7258697
600	0.72685796
601	0.7280516
602	0.7295674
603	0.73069245
604	0.73342735
605	0.73632115
606	0.7385622
607	0.73979837
608	0.7538262
609	0.7584973
610	0.75953704
611	0.76278615
612	0.76308674
613	0.7641028
614	0.76505977
615	0.7665296
616	0.7683271
617	0.76833916
618	0.76902956
619	0.770557
620	0.77149403
621	0.7730622
622	0.77471
623	0.77492124
624	0.7754629
625	0.7757154
626	0.77584445
627	0.7759299
628	0.77728444
629	0.77760035
630	0.77769184
631	0.77819157
632	0.7784733
633	0.77952737
634	0.7796279
635	0.78014874
636	0.7801945
637	0.78158736
638	0.7820275
639	0.7824954
640	0.78252435
641	0.78350526
642	0.78378195
643	0.78433836
644	0.78545636
645	0.78556955
646	0.7856506
647	0.78608483
648	0.78646463
649	0.78661865
650	0.78679305
651	0.78679407
652	0.7875908
653	0.78769946
654	0.78835124
655	0.78905344
656	0.7892878
657	0.7897631
658	0.7898273
659	0.78984815
660	0.789903
661	0.78994817
662	0.7900633
663	0.7903964
664	0.7905192
665	0.7910179
666	0.7910776
667	0.7917074
668	0.79177356
669	0.79263955
670	0.7930604
671	0.793963
672	0.79440594
673	0.7946472
674	0.79465413
675	0.7946622
676	0.7947561
677	0.79489595
678	0.7949234
679	0.79708046
680	0.79737806
681	0.7992743
682	0.7994719
683	0.79949814
684	0.80033076
685	0.80049974
686	0.8020508
687	0.8021707
688	0.80329186
689	0.8043551
690	0.8054246
691	0.8060885
692	0.8074725
693	0.80904937
694	0.80959064
695	0.81052405
696	0.8105834
697	0.81170607
698	0.8118269
699	0.8119384
700	0.81382936
701	0.8141077
702	0.8141236
703	0.8151061
704	0.8155692
705	0.816372
706	0.8177417
707	0.81788576
708	0.8191287
709	0.8192521
710	0.81939894
711	0.81960213
712	0.81990063
713	0.82161117
714	0.822659
715	0.8227581
716	0.8227593
717	0.8230162
718	0.8232291
719	0.8232401
720	0.82354206
721	0.8238419
722	0.82463
723	0.8248603
724	0.8249681
725	0.824976
726	0.82576346
727	0.82722694
728	0.82730794
729	0.82756186
730	0.82790613
731	0.8279392
732	0.8280723
733	0.82834876
734	0.8283676
735	0.82844764
736	0.8286378
737	0.82926023
738	0.82964075
739	0.82988226
740	0.8311408
741	0.8316932
742	0.8318478
743	0.8319235
744	0.8324261
745	0.8326116
746	0.83281994
747	0.83308595
748	0.8332183
749	0.8348963
750	0.8349297
751	0.835321
752	0.8355923
753	0.8357169
754	0.8360814
755	0.83634335
756	0.83657104
757	0.83684176
758	0.83713746
759	0.83818036
760	0.83837384
761	0.83895504
762	0.83901596
763	0.8391164
764	0.83915776
765	0.8398966
766	0.8400296
767	0.84017557
768	0.8404659
769	0.84073144
770	0.8414115
771	0.8418592
772	0.84247416
773	0.84298486
774	0.8432091
775	0.8434846
776	0.84353405
777	0.84369355
778	0.84398955
779	0.8442467
780	0.84451956
781	0.8447291
782	0.8448458
783	0.84670913
784	0.8474697
785	0.84759414
786	0.84839123
787	0.8489976
788	0.8497411
789	0.8497708
790	0.8499636
791	0.8499965
792	0.85019773
793	0.8510246
794	0.8511295
795	0.85432804
796	0.8548862
797	0.85503757
798	0.8551112
799	0.85590845
800	0.8564591
801	0.8566496
802	0.85768193
803	0.859634
804	0.86017096
805	0.8612138
806	0.864446
807	0.8646695
808	0.86490774
809	0.865073
810	0.866126
811	0.8665651
812	0.8667075
813	0.86895794
814	0.86947423
815	0.8724708
816	0.87807834
817	0.87864876
818	0.87934095
819	0.8794102
820	0.8812842
821	0.8842199
822	0.8853792
823	0.88637334
824	0.8898365
825	0.89040726
826	0.8910376
827	0.8912754
828	0.8938379
829	0.8940172
830	0.8965629
831	0.8968149
832	0.8969926
833	0.8981902
834	0.89837366
835	0.89898026
836	0.89950955
837	0.90036243
838	0.90063864
839	0.9009524
840	0.9012779
841	0.9028764
842	0.90317297
843	0.9032751
844	0.90360665
845	0.9037115
846	0.90412885
847	0.9043174
848	0.90504545
849	0.9050792
850	0.90547687
851	0.90693295
852	0.90706575
853	0.90718216
854	0.90726584
855	0.9073386
856	0.9073603
857	0.90773696
858	0.90776575
859	0.90778315
860	0.90814686
861	0.90838087
862	0.9086205
863	0.9086686
864	0.9093798
865	0.90969855
866	0.9098556
867	0.9113922
868	0.9117318
869	0.9126036
870	0.91364294
871	0.9137862
872	0.91445315
873	0.91451734
874	0.9145345
875	0.91501117
876	0.9189407
877	0.9193981
878	0.92087126
879	0.9224345
880	0.9228514
881	0.9237304
882	0.9247486
883	0.9255693
884	0.927936
885	0.93021214
886	0.9306952
887	0.93150574
888	0.93404484
889	0.93506867
890	0.93655485
891	0.93673706
892	0.9390184
893	0.93935925
894	0.94287044
895	0.94326603
896	0.94422174
897	0.94477355
898	0.9455007
899	0.9458782
900	0.94699097
901	0.9486328
902	0.94893444
903	0.9490938
904	0.94924504
905	0.9492846
906	0.94975674
907	0.9499465
908	0.95110285
909	0.95263046
910	0.95273423
911	0.9530746
912	0.9537024
913	0.95401776
914	0.95411444
915	0.9544246
916	0.9556448
917	0.9559177
918	0.9561467
919	0.95680624
920	0.95806843
921	0.9585821
922	0.9591743
923	0.9593651
924	0.9600481
925	0.96017504
926	0.9610672
927	0.9618307
928	0.96262896
929	0.962704
930	0.96287173
931	0.9629022
932	0.96308124
933	0.96348673
934	0.9640029
935	0.96435404
936	0.96436554
937	0.96476096
938	0.964869
939	0.96506673
940	0.96517146
941	0.9652906
942	0.9657339
943	0.96606475
944	0.96653485
945	0.96672624
946	0.9668659
947	0.9669175
948	0.96811813
949	0.9681347
950	0.9684051
951	0.96930367
952	0.96940213
953	0.9696463
954	0.96965694
955	0.9699021
956	0.9699847
957	0.9702753
958	0.9708025
959	0.97090966
960	0.9710297
961	0.9710717
962	0.9712139
963	0.97147286
964	0.9733383
965	0.9733432
966	0.97352844
967	0.9741116
968	0.9744881
969	0.97459185
970	0.97499317
971	0.9763646
972	0.976413
973	0.9766125
974	0.9769068
975	0.97791356
976	0.9779568
977	0.97796506
978	0.9782302
979	0.978707
980	0.97934675
981	0.9801859
982	0.98042154
983	0.9807043
984	0.9807653
985	0.9809654
986	0.9809799
987	0.9810977
988	0.9819334
989	0.9823397
990	0.9828016
991	0.98298955
992	0.984744
993	0.98492485
994	0.9857152
995	0.9875773
996	0.9876967
997	0.98795205
998	0.9881666
999	1.0
