0.2845903799869993	-0.3271016764864216	-0.35286015710105084	-0.3624569616387917	-0.3526516971926625	-0.3199100082506124	-0.2608700824353912	-0.20232537634663256	-0.11258698543742046	-0.04674783631857542	0.24799606937531415	0.17649908610382184	0.0964994285564234	0.03195491124808004	-0.05412956221660286	-0.13747817667427736	-0.21186913406241265	-0.2738945022075133
0.04075228666772684	0.370794207598611	0.37107430798991053	0.3624749444871339	0.3384656208287942	0.29744145152401474	0.23674752975832963	0.1801649166627852	0.10000876332325562	0.042358216993176726	0.06347404214963812	0.10685591674440134	0.1562532299746161	0.19055425703851075	0.2377132664099411	0.2797469209744317	0.31973741659596416	0.34818323878412516
0.01848938467619438	0.40035129743486664	0.40268414145175674	0.39476685784767845	0.36974899509668274	0.3257291226020578	0.25975954295366527	0.19797975405878548	0.10991975204341256	0.04648132708638435	0.04433954719876457	0.0938240097846987	0.15005778958501045	0.18982177556795574	0.24428026384949883	0.29334694975037107	0.33963813376465846	0.3732907794434186
0.0025286455482121466	0.411471069401804	0.41517987366070097	0.407925805625958	0.38279768832648925	0.3377323937127609	0.2696479417915255	0.20570870099105087	0.11422490829658428	0.04825448181709701	0.029947388160997075	0.08251399583723182	0.14218164597985666	0.1848121841645947	0.24306944772947878	0.2958769202720589	0.34546405482523895	0.3819495075133516
-0.010050333998883557	0.4005156597617528	0.40512150248899914	0.3987312721288425	0.3747161875023493	0.3309853567581011	0.2644990538235726	0.20192535888670374	0.1121346229952735	0.047335871546999364	0.017284379794114207	0.06974835164906863	0.12924905276574775	0.17208281295640818	0.23052526017973232	0.283732712284077	0.33352627699075915	0.3704818499319967
-0.017572570274224986	0.3634488884649123	0.3683011839363005	0.3629554509654307	0.34146285181213143	0.3018701365780308	0.24139200879910744	0.18438180808555618	0.1023992545764189	0.04320241523190303	0.007668788848858997	0.05615351164869827	0.11110800854322377	0.1508816803370947	0.20508838060939058	0.25459165545954576	0.30080831239757627	0.3353175846892946
-0.019438723956994246	0.29644558272240384	0.30080969543774083	0.29672316758289435	0.27937400334257956	0.24713529669766304	0.1977189890800515	0.15108139963105977	0.08390959049053971	0.035387294915272365	0.0014129023795093362	0.04148852229253623	0.08689209519009698	0.11987944014081496	0.16480144943936365	0.20591557036390992	0.24423500255779146	0.27297061034064257
-0.018116376175674666	0.2299597085900553	0.23358678707564962	0.23057959025671512	0.2172292254362264	0.1922535891268674	0.15386811858522073	0.11760849009255749	0.06532146509351741	0.027539634198873335	-0.001784465842102345	0.029617966392219044	0.06518369979064526	0.09109762125000863	0.12636616178295337	0.15869775417147458	0.18879364158361334	0.21143446538745958
-0.010298425519227427	0.12796757682381837	0.13000324232215932	0.1283414381773877	0.12091995309079014	0.10702388974266173	0.08565948724780276	0.06547594901629782	0.036366472154507556	0.015331559855335623	-0.0011988656723512896	0.016298404833589315	0.03611462613271514	0.05055837641456854	0.0702146738013536	0.08823783251304754	0.10501202479950869	0.1176361592461524
-0.0035423086467956267	0.053123782308102704	0.053910525199753846	0.05318136352533977	0.05007443842189306	0.04429781539813725	0.035441281500898654	0.027082125909052283	0.015041278579896601	0.006343212892522928	0.00019739246849032852	0.007385142204325549	0.015528261002049685	0.021445968594806325	0.029504269450502	0.03688051505356422	0.04375463203766345	0.048910903546557666
0.2726250652398526	-0.285387092258217	-0.3097968718878044	-0.31947393442466354	-0.3117824306537273	-0.2834779411184697	-0.2315499831231419	-0.17981641072232113	-0.10007805196739501	-0.0414981606482242	0.23944146545911038	0.17454052902190362	0.10197867639949824	0.04306324841698532	-0.03541911391360481	-0.11165003241763209	-0.17952258656587958	-0.23644095731442547
0.24835681176671429	-0.20387373916753723	-0.22557745107718968	-0.23536378705806835	-0.23177124439970906	-0.21212782347926998	-0.17411238785889527	-0.13571215324351557	-0.07556725154736449	-0.031213946586792836	0.22188379571108904	0.1699639794786991	0.11203694969360396	0.06421606525708211	0.000711897840226063	-0.06148246667523657	-0.11650933210606411	-0.16334604161642707
0.2219567358802103	-0.11267712808305642	-0.13141308708902893	-0.141361940266852	-0.14238194237659121	-0.13243654914755915	-0.1099734708033963	-0.08647026747676123	-0.04820181356472657	-0.01973001582025643	0.2029526976056125	0.16547821719026237	0.12383918600928848	0.08835046775659043	0.04149957673317415	-0.00509919704132882	-0.04584603793139727	-0.08148998776180574
0.19576559447457548	-0.03903006642879025	-0.05498166814233586	-0.06480062851720217	-0.0693726839426087	-0.06720665779600885	-0.05738665041389141	-0.046044893499585945	-0.02573223067407106	-0.010313445793329965	0.18304474809625843	0.1577407607815329	0.12980886210701706	0.10480020219705916	0.0720739106198639	0.038772723691089354	0.01015232465165103	-0.015891495927785795
0.1620766595202664	0.05917721183891564	0.04684009301475779	0.03712805544337585	0.027775507228615055	0.01955455819861355	0.01253642505686309	0.007694361817944412	0.004136643437541218	0.0022072231942063597	0.15767051171507132	0.14846751691789986	0.13867336725808324	0.1275074470488101	0.1134444994301365	0.0976969590464914	0.08509610509788158	0.0717114436136784
0.12626407846237714	0.15430824072002294	0.1457253904015975	0.13628733517699987	0.12241684784953193	0.10416848477685732	0.08078512538816032	0.0601806027490736	0.033311517973441	0.014428728007404324	0.13007631142430817	0.13679948545980036	0.14493615823019515	0.1475193876029896	0.15197632134312983	0.15369143307513267	0.1569962227563474	0.15624044721186328
0.09647971930557957	0.23918470695944383	0.23377890200877227	0.22446908662503037	0.20649073797915665	0.17927253508881777	0.14132520658375297	0.1067156864114297	0.05917674656549252	0.02526938319693357	0.10751251160582959	0.12822039113926703	0.1521087179992314	0.16672714580416642	0.18740678944647168	0.20438926911108127	0.22162064600341555	0.23188266724731
0.06733269973099595	0.31001324971356503	0.30760027299003423	0.2986275637047479	0.27737356543709213	0.24271629958806462	0.19254186727414285	0.14612976447382486	0.08108725054565152	0.03444141624491455	0.08461259133696754	0.11743549885504677	0.1549561518996618	0.18007693594442564	0.2148899179574715	0.24523242272672854	0.2746091427760585	0.2945599423405997
