28.8177501603959	-27.45380174395569
-12.645529074849376	12.509223970575416
-15.059259786819439	14.81310465332785
-16.385290897838104	16.068378209890955
-16.63844523050037	16.28142483645297
-15.5643360200459	15.207561625194236
-12.976320270333616	12.665508364660592
-10.233392915716063	9.980504095992536
-5.706620754363409	5.565051443056303
-2.328630961601766	2.2727043935107503
26.48318981047977	-25.19879007224543
21.872404373150278	-20.746890748714378
16.755273720005654	-15.804606608388259
12.354443263149632	-11.563876975156468
6.554137221850355	-5.97226512381503
0.7603566100693291	-0.39297583606127656
-4.289437351398132	4.4738589559825375
-8.73995013405682	8.755040053870095
