TE,0,1,2,3,4,5,6,7,8
0,0.0,0.09136179893130442,0.05464558239985891,0.10935815208126137,0.08789710043080336,0.03829941355029214,0.05382458091577229,0.06360615248732891,0.054776283475896935
1,0.08333350662038515,0.0,0.031822080512465295,0.10404855746127446,0.09903592444842221,0.04234379213012147,0.026672372273200823,0.05934877385699204,0.042416469582195165
2,0.05930370715362973,0.05960368923007589,0.0,0.11594893923886988,0.09289434437632865,0.04809758321511885,0.059292055832566394,0.08256479677697398,0.058645072384467194
3,0.06623897327836077,0.07917795356316924,0.03572697594818465,0.0,0.08925200008561868,0.028748270184641503,0.06186823831319713,0.0744179403527137,0.05447868791880647
4,0.07590745475968963,0.08092980519800022,0.0568721090706254,0.08611407361440224,0.0,0.0725677666823023,0.08896067242128727,0.10368305372114822,0.04799178650906186
5,0.044477921547221515,0.045591704442245945,0.033991012232383155,0.10614860511966441,0.1086476342762081,0.0,0.11906382339695748,0.11872354502730831,0.053227389634673286
6,0.027804123502034685,0.040402856600864415,0.044721427198420705,0.10930574510993729,0.1079191345486138,0.09299959591305222,0.0,0.08754650239275152,0.07687242438648334
7,0.035494942390596196,0.025508874647126516,0.055238514105442574,0.11107694714309747,0.10754958969529006,0.0827284438078556,0.06107034106753678,0.0,0.07093825090732687
8,0.05646183802231454,0.04625328991868471,0.04078657604440643,0.12107916552759111,0.09803171059337872,0.057968227196264765,0.07880697428463385,0.12140966344257995,0.0
