TE,0,1,2,3,4,5,6,7,8
0,0.0,0.0037622064838681818,0.031558945971457655,0.009362435515456333,0.017247253724202636,0.026012978518928018,0.03088260450135883,0.019580386959832795,0.03971689687252807
1,0.020904884758382695,0.0,0.037207405847181386,0.004040610418515451,0.012887797570880974,0.02178418336628765,0.014176743652898359,0.017706274050025925,0.010169970929686037
2,0.027858177886174427,0.005487563028349658,0.0,0.009344643462182903,0.04114268019943429,0.03544506621471381,0.03182267416718781,0.02691809178933062,0.017397754920090172
3,0.03482284495805349,0.0038342334865002835,0.037990097697190243,0.0,0.03797769701561662,0.043950370893020126,0.04600955705191975,0.04444114596108063,0.047441366053482786
4,0.04342430541663529,0.006818446019962731,0.030678570525283968,0.01485351852102254,0.0,0.060809198972778006,0.04994125682939385,0.04883920194407777,0.05541932951715037
5,0.045374977557612786,0.005943259086374444,0.013846426499788267,0.012746994306771366,0.0458548180711217,0.0,0.04534435722766461,0.06330646615188576,0.04237077445877967
6,0.037144020857013876,0.003339439336984988,0.027183032979413484,0.00771791406250913,0.0358919446261715,0.0621462830378532,0.0,0.05429697056360669,0.05345833199166266
7,0.03234938982552831,0.0037454096358772644,0.01686325200274177,0.009344450115287693,0.03891960697905524,0.05016945036342629,0.05948364068018271,0.0,0.05096163428385658
8,0.040017915609971005,0.005983095865995456,0.012410273099028073,0.010657684833243572,0.05177951243190966,0.04351411772851102,0.049912988296356806,0.058463975318449456,0.0
