TE,0,1,2,3,4,5,6,7,8
0,0.0,0.07177478258971336,0.04771454724627759,0.03449277830564339,0.031689437400663684,0.05464771615096408,0.09401173038108446,0.09852180533048772,0.10176875804266383
1,0.03745677176096143,0.0,0.06185823210282018,0.031920290802497336,0.03572504634879174,0.054655887425518246,0.06256734981482232,0.09295080539871035,0.08705975915207428
2,0.05724385273426299,0.05496498134652404,0.0,0.03840770622547205,0.07002538349186613,0.06902675621859469,0.08618087490922392,0.10369845535217331,0.09021614724588631
3,0.038310105678871983,0.045814135507544505,0.06243166281832837,0.0,0.035182113980771,0.07026999588200059,0.09937201003448153,0.08867844259338321,0.08360581868711536
4,0.03656018957956269,0.048321700898093595,0.04707889268258005,0.020568273985589663,0.0,0.09096405059868504,0.09762100564981921,0.12007618074580281,0.13501882681749255
5,0.046185873999666775,0.03508215948448724,0.027935075926849517,0.039746755148101415,0.08770857532238338,0.0,0.07937046270633402,0.12970526587193798,0.08994249371026755
6,0.04870842792909621,0.04289110701340132,0.0329256977217992,0.035530377727853585,0.08172471317180405,0.07792929068755702,0.0,0.11912245904860377,0.09783680110968149
7,0.048635880188252434,0.03636357619476648,0.036104683774067066,0.04556161846509265,0.08239228056204036,0.07819655891052044,0.10764989331354471,0.0,0.10739210063391622
8,0.04758838121465028,0.04693139871366531,0.03893698860203838,0.034826606455657834,0.09163921891228251,0.06659692162864285,0.07852670811746554,0.1165114068996472,0.0
