TE,0,1,2,3,4,5,6,7,8
0,0.0,0.051788265125240235,0.05238345958548531,0.10393497539658952,0.0613028072450183,0.0409193636088617,0.04804241158754343,0.06630527568340623,0.05742281550792519
1,0.055233363406773026,0.0,0.04016817138390372,0.10434223956218625,0.08800834959598546,0.042112185664244337,0.026153013494284748,0.05709221875677334,0.04072923456475813
2,0.053130902038054276,0.04418161497535136,0.0,0.14275423640382828,0.11425589158559171,0.043233727985499806,0.06184623534785735,0.10700076986509392,0.059195400997115274
3,0.047794720480186056,0.04864687007593904,0.0485325576149594,0.0,0.07214677949032511,0.04278947779024121,0.06690756453236095,0.09903223998604273,0.054032344219794554
4,0.0512182616607391,0.05566487557214092,0.06389746940137282,0.11447670825986928,0.0,0.07579732651448724,0.11684068112501407,0.1475726895148025,0.07798136157410061
5,0.03416168812353598,0.03735504695115315,0.03675661597750227,0.16182238837224538,0.13070307985350432,0.0,0.13023009384441597,0.15589931145875952,0.057881959254899196
6,0.036026563129414234,0.03198613995540879,0.04191184485834044,0.16932928929719102,0.15832225722606913,0.09253661500531787,0.0,0.1363310988199512,0.09534288724049862
7,0.030730868442953987,0.025180282824842897,0.044484072180340575,0.16696220509544082,0.14284400625325555,0.08173372127112367,0.0779542294040333,0.0,0.07523604929193159
8,0.03957574482652615,0.03575670364935622,0.02914639561540025,0.1664681736766825,0.13315780088152018,0.05173160199857148,0.07523746286831329,0.14893776514666252,0.0
