TE,0,1,2,3,4,5,6,7,8
0,0.0,0.03425690851647678,0.04258493735794415,0.005692779047604318,0.026525957658494304,0.04456333395570948,0.09417132474627826,0.05508276311983705,0.08192733509212773
1,0.018095195800202198,0.0,0.059763671169417415,0.010171914253265945,0.019825885926284807,0.044866278415856345,0.07379201258673349,0.051628034163978,0.05487565994610038
2,0.028312207435898597,0.020097304170969263,0.0,0.016033691681551016,0.04690953276293171,0.0613557418148358,0.0855671432309159,0.05206593564627082,0.05513192591843091
3,0.03259494157414856,0.015299717804214682,0.058270214789202704,0.0,0.03526668469543129,0.067043085162006,0.07800974951568046,0.052418241342711905,0.07276432405447428
4,0.03023942283348376,0.020852051895685307,0.05675330880847338,0.0062243349596243155,0.0,0.0808334429493466,0.07833672720919284,0.045787976435271084,0.06065944942680859
5,0.030789189921928452,0.01905959252841809,0.035253743371695345,0.004928045816931668,0.05483691039273401,0.0,0.050978237146056524,0.0522927763947494,0.05553764675513527
6,0.02816917962837274,0.015170947726799302,0.04095574962256806,0.007660197234930166,0.04869527994934486,0.06407587428158262,0.0,0.04865217291009963,0.06309115330564172
7,0.029347415117610017,0.020006869532836893,0.030501459765019445,0.016089220368009475,0.046576930024656196,0.07002911623522251,0.1028986788793593,0.0,0.06273759215506118
8,0.02677980731790238,0.02744164521035781,0.03681115678152507,0.004809594156955758,0.05617683020887086,0.06523071376255876,0.07070283327597585,0.058906755801404906,0.0
