TE,0,1,2,3,4,5,6,7,8
0,0.0,0.10679948277871011,0.0563152883026652,0.049151618536500075,0.03791931053381037,0.05185871707873328,0.07655589487909974,0.1097496916451704,0.0906850357554494
1,0.0677107104442437,0.0,0.05944956685989487,0.04147071213791797,0.046973485795160974,0.044460866586119835,0.03653433552298696,0.103118254147451,0.07921615408298237
2,0.09540235742379627,0.08793491277614007,0.0,0.05391879871500049,0.08944997818794909,0.05315302102739457,0.0647711568613628,0.11636646378855678,0.10569637515859401
3,0.057840878853824954,0.08511170765886249,0.06780659084116877,0.0,0.0446800976113032,0.06167575541947355,0.07760224231972418,0.11536346615104157,0.08141720148074615
4,0.0552379609832046,0.08386528069504864,0.04841559314923247,0.04195013795793537,0.0,0.08461283800112489,0.08922627224710572,0.15702884446350557,0.16558981857520344
5,0.05569122796963662,0.05602500992893354,0.03379283765085658,0.08056102787865146,0.1333122781558133,0.0,0.07065423935430669,0.1495193639651788,0.10209638285814313
6,0.05665377389768034,0.04320553680808099,0.03853327024141993,0.07115483012194655,0.1289230942013099,0.05577409323910803,0.0,0.14478909625712624,0.1287175180059354
7,0.06966575239478137,0.06130973890622867,0.03543224733906556,0.07863601144005865,0.11596014277588364,0.0730871846754885,0.0861252901185538,0.0,0.10462122497090376
8,0.0647928248524636,0.07298431158287844,0.03660378152323032,0.07352777216828059,0.11835626986731264,0.050511885680712486,0.056614120955766595,0.15149597932618783,0.0
