TE,0,1,2,3,4,5,6,7,8
0,0.0,0.10154704917452573,0.04829024633747101,0.09010907132518042,0.056832923443896385,0.0497578632392049,0.07549735427372112,0.12232574358415138,0.09595316496522259
1,0.1303568814476264,0.0,0.05073841266037281,0.08842068238738801,0.0738573480736077,0.036208790429355035,0.046196998966338165,0.11717869819773793,0.09672737262229525
2,0.15162152035758952,0.07033101575247874,0.0,0.12964106997203192,0.11057121735945429,0.05486167076732261,0.060702290773001405,0.14849916928346507,0.1162082332924528
3,0.1095806837350683,0.0884472678370403,0.0542124438900007,0.0,0.05402500856514923,0.05646084985155258,0.07287165612942217,0.13028936663118473,0.09205234726446321
4,0.10869663041511085,0.10596299798641226,0.059649583166638424,0.09366159525812931,0.0,0.0875851237130631,0.08949536200503128,0.2051546259860642,0.16139638795956526
5,0.08413416323015536,0.053898117419205444,0.027043459080064492,0.1454562206590348,0.144605979487387,0.0,0.09985946828990434,0.19737664275712927,0.0998920142192879
6,0.0761715605631439,0.03930027769220257,0.033975554081099715,0.1564019649148841,0.14988463029777896,0.06683689039753998,0.0,0.15928748142356294,0.12218561999004648
7,0.09340249800394165,0.06063359641182105,0.041115851593606166,0.15367248050909293,0.14940883937029392,0.07163679712398797,0.08255270753367072,0.0,0.12627157747333412
8,0.08538694721320249,0.07250519383464182,0.03461133343019291,0.16450947886061723,0.16105436551350216,0.04653604575400144,0.058304788560870555,0.1900339676086843,0.0
