TE,0,1,2,3,4,5,6,7,8
0,0.0,0.10976783455291021,0.05078298024118878,0.11382436210408503,0.12946594514578186,0.05323517285959302,0.046250612602290166,0.04428410782714071,0.0621195507984043
1,0.12156042396736652,0.0,0.03229765053224734,0.12116559007979728,0.1255117632373043,0.05628740316664378,0.045544402878738205,0.0722694521217129,0.053052867724588525
2,0.07779220890772384,0.06876021265132976,0.0,0.08291463386257686,0.10505501038310736,0.06200709862687126,0.08660148149119815,0.09892956413367085,0.05889482004953039
3,0.119206373455405,0.09503176459569726,0.04092930545119476,0.0,0.11531519461359432,0.03330207061157467,0.045871225661380716,0.04865630144362064,0.06293639811294094
4,0.11022561792573457,0.10568953344473866,0.04200454316037858,0.10492955332960052,0.0,0.07326612297600488,0.06368953029662495,0.06887305196086962,0.04455725717005445
5,0.054614122325294376,0.04439315227324701,0.030146988935106492,0.08660037054320208,0.08417648759199985,0.0,0.15925196650190357,0.12294718411282186,0.06084447462307976
6,0.036054489987493915,0.05242315024332938,0.05606838744389446,0.07183479041155362,0.08853746063325899,0.12684786382714075,0.0,0.07845444930757317,0.09467154992727023
7,0.029967793637060508,0.033160832477538385,0.07331825621310409,0.06409474331265831,0.0712603892520905,0.09345752787309311,0.07718947132956716,0.0,0.09128634939353994
8,0.0629272634447867,0.05104662941405827,0.03517265412313022,0.08755301916551314,0.08884742106261681,0.06453075112163392,0.12401859468711483,0.11813680300614406,0.0
