1.1105071492378042	-1.5122294943700865	0.8130759545273278	-1.3023501676409937	-1.3844104942164965	-1.3514363005830872	-0.1504884749930092	-0.1365950700473548	-0.8579183062339855	-0.8902061683729613
-0.7987082769467566	1.7834719319420045	-0.7341000244361028	1.0882344632632392	1.3433712046371842	1.2939549106702528	-0.06994289649377604	-0.08606141527132734	0.7122393012358504	0.9458319977517881
0.6181279668564851	-3.580379672140184	1.2930478169408108	-0.6562538668688161	-1.8687365490659158	-1.733326265721028	0.9163289037923485	0.9493147863880513	-0.4264828212408356	-1.5124448530226065
1.6020974454580503	-3.125492744292938	1.8541454345362804	-0.8514603154989675	-1.9906562851241913	-1.8776951035219527	0.5836540226702143	0.6145605524667475	-0.5502119019529287	-1.334384572952047
2.5642106763591626	1.36043182683479	0.8691782969553628	-1.8970390973151758	-0.7794771571833212	-0.8799485578569602	-1.5594735900540546	-1.5694645220080237	-1.24810523567754	0.11576432380566827
2.5225286076133364	1.1372698161969048	0.9176107547614918	-1.8590204872333396	-0.8466599262798095	-0.9368487481232224	-1.4597194063877728	-1.4676883773778566	-1.2225696867927256	0.03992001035761845
0.34215986154517525	-2.25543269018476	0.8860535132608005	-0.13587636102890938	-1.0602759747050639	-0.968090252690603	0.7074978745491595	0.7287685296672641	-0.08287115425656713	-0.8721037111039267
0.30685086408196743	-2.3106145920857526	0.8862893459160803	-0.10622854608808253	-1.063155241353875	-0.9679629773994691	0.7434687142573583	0.7652186385732502	-0.063263100721406	-0.8864513466954382
-1.9915865071890209	-3.8742287132266577	0.45657229793938664	2.2310890652895274	-0.25850689017896755	-0.04300315123305119	2.551808741501506	2.586982828466263	1.4776284366179662	-0.9326341311771593
-2.0030810252890747	-1.659085824694479	-0.24852574067900557	2.134565721983296	0.6173548415712349	0.7371080848673799	1.7250911811247551	1.7397103335497754	1.4081428981986066	-0.12365244419404109
