20.159966370058417	-12.438606501607516	-25.017763701549388	7.302563077826906	3.8311004180769173	-8.370491620819365	7.436739273995876	-7.549718348291463	-4.607966123232118	14.375173335829505
-8.619407388076896	5.306352519270361	11.833395568634103	-4.641615788317746	-0.7843987403410253	2.6152586770888684	-1.751122102984018	3.6825598132524204	2.7076434422617117	-4.894181131908283
29.444497145669608	-25.061788241048863	-32.15998877622225	6.648538931495215	10.952792184960995	-21.264440748566575	20.95389037577409	-15.01953297028441	-1.5163883550155213	19.48885612297112
-17.70265544068412	8.039504736140985	28.92830787463083	-9.712247055607378	-4.078783796517946	1.755335163099669	-4.7272007705054495	1.3470716671179181	7.152081797638639	-21.241025120897547
-2.3022015000254044	5.855475375092113	1.903838890904282	2.1104018272480327	-8.170534955225772	8.715657531303195	-10.976021433988286	10.051021357592163	-10.928275531223065	5.782303579649138
-1.4572382094524186	8.049492413682916	0.8417287389546524	2.292476157791309	-7.268237168102642	9.258574189619255	-11.782451807838447	5.642743920686649	-6.584711015103338	0.4105274462089946
10.266633100137938	-8.66930301585018	-14.258650466086301	6.015572291088877	2.308743919711891	-4.236196562843307	4.843268273877927	-2.6445587633866396	-3.8747008097278783	9.169078552195437
14.36519273089611	-8.17335394836051	-19.631906412911228	7.494366063002722	3.567047558581644	-4.4067456164733345	4.756121394956338	-6.701802579006088	-2.018272418275746	8.430884900104658
8.374527757177695	-11.560295105063174	-10.913185159242307	3.7990584548995834	7.491190374716629	-9.113590804399614	12.060500389592162	-7.8683455417392105	4.918070650426482	2.8308565591767354
-6.098976769215828	-1.3069949868432236	8.640911330253818	-3.4122294630366055	4.322306752782691	-3.561726223310845	5.757933561868998	-2.615053704910332	7.129956885619078	-7.245140855747725
