TE	0	1	2	3	4	5	6	7	8	9	10	11	12	13	14	15	16	17
0	0	0.03298192418817398	0.024556927722191004	0.04684905562395855	0.036289720605290225	0.0446230733755671	0.05888805102085491	0.04324752968173702	0.015116449285300372	0.00476708083370356	0.2609968565607207	0.27770012137751693	0.16314510705071056	0.0943515985135126	0.047028303924609195	0.03709279989446626	0.028046634836600828	0.01014227814783673
1	0.14346741965336124	0	0.011879816839116536	0.005667074742665639	0.006280043700682199	0.024627616314204744	0.02480674836467788	0.006746181661310109	0.007337958132841146	0.0027548876781253754	0.20184385014058906	0.18639009823846542	0.09141349738570391	0.04366901017515458	0.01830464849610722	0.025342476520970502	0.025081649355930578	0.008100608204112037
2	0.13517089993656725	0.00927032741163007	0	0.014929610636846564	0.006522367386292722	0.021341373693379746	0.019681024003546047	0.017513604791209274	0.007829181677067087	0.004816013578452556	0.2082036069799536	0.18457176707716041	0.08583209301346746	0.05450522723267564	0.021377298061900946	0.02283077439825552	0.014432279305529566	0.003697842219154842
3	0.13274128474614597	0.02378500829570698	0.009962834041076151	0	0.015447200435823979	0.02337551491292513	0.021843768858299212	0.02521016502795468	0.014299810576933534	0.004052207364331345	0.20125502489181626	0.1906274042196721	0.09914985127262065	0.04288927758233563	0.03643315097511851	0.023537679081692207	0.014940800815939015	0.00920931424455741
4	0.1196955982418012	0.011771314244152457	0.019074647674864175	0.02415680017202173	0	0.02281182273597065	0.022709202245480325	0.012849408121539443	0.009549957666444406	0.004261278247199811	0.19288286383056136	0.17437826065027978	0.09072655682651418	0.04924775926366202	0.034294678600641434	0.029692338649611728	0.01421934221029206	0.007652116863519981
5	0.09076713999012763	0.011801189844957132	0.011923347668041217	0.023501676541636988	0.03604902227832213	0	0.0186092715996091	0.02155191472145585	0.014441603719206123	0.007244817394153438	0.1724202380731322	0.16220969306095742	0.10308305740209925	0.055774327210011417	0.030060556195338695	0.026457664618178733	0.022000906490962376	0.01406653144345261
6	0.08000625104679879	0.014160957422682325	0.02593814896800639	0.03041552633153322	0.028616651986736873	0.05094805692780402	0	0.02762153094376024	0.015753064393698626	0.008447615490128693	0.13946699042266764	0.12832176129055228	0.08250228082842366	0.060600203110507074	0.04048406660504174	0.012242738949507104	0.018843508376725694	0.02315663817883798
7	0.05879574615121501	0.009322638469145526	0.01215620277086577	0.045743026874111914	0.015252538969339197	0.041673191944786005	0.03329623800432197	0	0.026023400821882557	0.009558069237488878	0.105482218008204	0.10239264668790043	0.07514390807550739	0.04751136020187475	0.02491271182155357	0.024077657063801754	0.020556901435627384	0.008885225886800706
8	0.036774650892048746	0.013493263097259003	0.017261183086132045	0.03588612209236856	0.01734248234087773	0.04118326113180256	0.03337959982345111	0.028682197988818818	0	0.011397086712324634	0.07402506042133122	0.07773415821128124	0.03995695333005924	0.049496496400615334	0.02369124956311651	0.017747411740612916	0.021123058754109237	0.02017610894616504
9	0.0181695390238533	0.016521740249887246	0.010129423266075039	0.02897040996385158	0.017031332743864785	0.024903559259761527	0.03253503925627646	0.027197374048840497	0.004015345919355715	0	0.03161501103368816	0.04297380684761045	0.026462360031381242	0.04108479581043571	0.009956406738001565	0.012265077430463435	0.026895823866582746	0.012516949638498014
10	0.1728330886776029	0.026736957439291366	0.02153504376910477	0.03063464216127037	0.04196114207952048	0.040563574022774634	0.043543824013969085	0.03502066396945575	0.01238868271605771	0.006017863730892726	0	0.27248013662335857	0.15742272933431914	0.0693191960804187	0.055117101364894845	0.03769873514256844	0.032317690112195305	0.009291048831618538
11	0.1619179729761828	0.013025524428814826	0.015394201634838635	0.02754400248504615	0.03640779452381741	0.052667772668469365	0.02940799493497208	0.026796691575832008	0.006316684863337147	0.004531379186495294	0.17595532445790749	0	0.09162984365562957	0.049848836705525035	0.021119231910212668	0.013885422606952686	0.008730190163269293	0.012290152266964761
12	0.17216731594342585	0.003064274712190719	0.010482999748924113	0.022119007520268692	0.014947991263841418	0.03260414988713671	0.0075460362857159916	0.014079746906725131	0.0013389766320718128	0.0015369031805612318	0.16072375739749684	0.1474921170919246	0	0.04209335691433852	0.03350463734026047	0.013682138272869218	0.010587094309017045	0.011552403399000098
13	0.15555624642130958	0.0036611401472985104	0.007460425165917537	0.007642503836209038	0.01996716588474018	0.03056314950477072	0.02338517919713774	0.020280863144207233	0.012271767037166289	0.002874122540920752	0.19261435097337518	0.18783070093685547	0.056022010508987696	0	0.024163862211447996	0.024405233609980908	0.004772573297638006	0.006939546502282183
14	0.14935071634003624	0.009405501349269216	0.0031988218369276545	0.018942857337267992	0.016421527353522324	0.01605413852510463	0.016026843556844268	0.008385557628344103	0.0076171041635135625	0.0015817574710744909	0.20768176417490863	0.200149639632075	0.11028867948866482	0.04265543309263864	0	0.013682729803739463	0.0061735805364045255	0.015546432346815731
15	0.1407122952118896	0.0058049064246820225	0.0007609138804278754	0.012560538579294258	0.01557412790398356	0.016666991631616772	0.020085153832434505	0.010194152414063093	0.006571193598332053	0.004044306884917965	0.20154507859129717	0.1965411056002428	0.08998098313723575	0.05890576739451425	0.01614298840734566	0	0.010831184980017835	0.008614990240943001
16	0.14758687388379196	0.012568706670211588	0.006115509688168559	0.006216272631675416	0.01037096154074118	0.017020367520950635	0.02030497397454209	0.022638785822257052	0.007018399860376117	0.004035225918406947	0.21720394836847956	0.18497910667004117	0.10173534127476758	0.035060413873780116	0.027199782723179727	0.013331147683889372	0	0.007620356485144177
17	0.14724497247243923	0.002416739799598382	0.006988762637472042	0.01124431136603272	0.012129720925566991	0.014849975082787636	0.02222773630432426	0.018279591627474143	0.0033399176891906104	0.003958712283271316	0.21795182750663417	0.19886860955520805	0.09584555287639313	0.041942707299488326	0.04069435668776388	0.017868807294796833	0.012913382373710267	0