1.1066614382160196	-0.02891423242942095	-0.048722672346896936	-0.10936929100645774	-0.18802544460014384	-0.23641854117951355	-0.24533378926439156	-0.2382073444298963	-0.1725790242065043	-0.0917095533094168	0.24874602904131535	-1.1711347941360202	-0.3990063818803727	0.09257252497044456	0.17638464370314372	0.07008735606429561	-0.007937602251680519	-0.02287847522398497
-3.0193981344611753	0.03442010049762546	-1.0508843603638571	-1.6554211153929415	-1.5823086413340564	-1.268851309702699	-0.8057135229611777	-0.38856873248900975	-0.08153196215287406	0.13389716484597575	1.11689077608136	4.4578799033948915	-1.9669456414892936	-2.34554855769694	-0.05049375388290607	2.2734782870226784	2.5519524638626536	1.971641726970982
-5.180068065641714	0.22512395669613053	-1.1269798781884357	-1.7683606785524841	-1.4651926589303554	-0.9340054046112961	-0.3164062589949673	0.1914322551045715	0.39988120247446335	0.4513108661030913	1.6153369053173978	7.633055889236181	-2.719713489533124	-3.9731815926558918	-0.7773233821779632	2.7402624155433677	3.392026427513468	2.7080566082488517
-5.170391382891368	0.47412239866524897	-0.6225593094492641	-1.0682189876358237	-0.6819427484027414	-0.1664487967424616	0.33778057906857784	0.7201807118644907	0.7347711169814657	0.591422509462698	1.4768506607051888	7.604052431774552	-2.4147830710295226	-3.924492649047156	-1.036128166826127	2.29162342760815	3.0547904707170725	2.535149032167779
-2.8554863010767195	0.7304707721095639	0.343904155074849	0.26528561482920193	0.5489904514365929	0.8071049056987408	0.953140615203049	1.0243829481783782	0.8083507820063179	0.5012884410435742	0.7234647991418537	4.148691018144924	-1.1778985897729217	-2.1656367851334797	-0.7059496742149706	1.0702966421098272	1.638743112651654	1.5078273303424217
-0.36872326801362837	0.8743952781726676	1.1705349522562933	1.422428908953052	1.5643860344616345	1.5495937172990062	1.3517892869024122	1.134583232526692	0.7470468396895223	0.34228760810561415	-0.06750252172698051	0.4347323842240653	0.118324910180806	-0.23536303682529605	-0.25913016906571723	-0.13158711119911165	0.1728242637442913	0.4033344715986133
1.7160174189080475	0.8756040569883782	1.665498184452216	2.1355907495587836	2.136248155807682	1.9018175042932455	1.4575821374625364	1.0427430350221958	0.5790576724135826	0.16029275414150607	-0.6804901060304406	-2.65614432929528	1.1080313238539752	1.3500611194471446	0.16513554329085323	-1.0375967905847654	-0.9927365451908419	-0.5115930326902179
2.916667163852813	0.8039117448104136	1.8245728660767524	2.380278137957216	2.284443561734821	1.9294605395220237	1.370652156840638	0.8709871389668252	0.4073705078312528	0.02449592972457644	-0.9966431326073169	-4.418800561069793	1.608107308278362	2.2383366782243863	0.44572425835881	-1.4835731954752627	-1.6121455423771804	-1.0218161574164328
2.8685603453033743	0.5725764295662736	1.4728407734734974	1.940947950841186	1.8151341208372822	1.479624770439835	0.9927557776372433	0.5671377235860549	0.21530408319965355	-0.055666720563427335	-0.9297262951874636	-4.316225681240779	1.4949039856588893	2.186064221487815	0.49408765596418575	-1.3668888676188986	-1.5594023594015805	-1.0519577985638386
2.290966329822134	0.3071450999761224	0.9522778766610122	1.2703039187778873	1.1475891158870581	0.8892841164215517	0.5445427110052689	0.2508892275240485	0.042776166686988554	-0.0998354906021683	-0.7049938193878189	-3.4263736260128668	1.1271101509284562	1.731271384465082	0.4345235148676288	-1.0224115166072032	-1.2216782723773039	-0.868169956845411
8.638980952015688	0.2359198492515015	1.159444941269938	1.3674994966886653	0.7822659567504483	0.13731490445955757	-0.440972581937828	-0.8572222183258598	-0.8389286811062702	-0.6407563385460601	-0.14913516346819128	-10.915048602422765	0.17261245697162564	3.408525812242716	1.608398011550329	-1.3231400004435252	-2.066738767931734	-1.5936848038710212
7.902457621111814	0.22831021055253037	0.5182350460571095	0.4798031414101735	0.19101503636048012	-0.08816983443772222	-0.3010865946528082	-0.4571975984178637	-0.39813232053419767	-0.25587810057714544	2.249465231186777	-7.230684767421911	-2.6499115401787834	0.012124671800307853	0.3198881859059154	-0.39051174450024584	-0.5876360708344376	-0.3994040991354047
-8.18479761926591	-0.411550698907738	-1.8860511304170415	-2.2548847427815537	-1.2786169382427934	-0.21251814394716317	0.7560938813677746	1.4265989065964788	1.408625264825942	1.106792912967213	3.561367536350295	14.808697212447708	-3.4184233293331605	-7.3804265913406	-3.424911348788575	1.8210105083937866	3.203775363193507	2.499210401989786
-5.74065248954538	-0.5590208744534346	-0.9462457973651471	-0.8161425773457375	-0.1669162820852976	0.408479570237224	0.8381420787731393	1.0916365826166121	0.9382657499391995	0.638391674367059	1.078068368216571	9.547924419735057	0.45837912647606877	-2.871459362663602	-2.1060057340143685	-0.1433564516881698	0.5321388057541837	0.34007558981043734
1.8134439655978076	-0.42185998456306967	0.5572290012123287	1.102475712158025	0.9938198586410923	0.6960888268883187	0.30968294413506214	-0.019883855499121406	-0.18854014505761613	-0.26425784922164913	-1.386121987459202	-2.5298281815398003	3.6316008553407797	3.3385406165657505	0.4803878677031269	-2.1525994337883847	-2.6345048150892207	-2.174310930409553
6.731246262155356	-0.2991472148050359	1.1153618468294895	1.6290469135017218	0.9858046551902053	0.20082983223856293	-0.5431819977913829	-1.0839143621076572	-1.0891575748546292	-0.8687790819935277	-2.270238659843752	-10.036709049391131	4.198584052879695	6.324357345294185	2.2360666537967817	-2.4781409577922218	-3.643107661942167	-2.995473582796348
5.584752891217873	-0.19703311409807478	0.5898254811217719	0.7340509016144706	0.11021568388426246	-0.5123192468120097	-1.0036741218821668	-1.3146412933638023	-1.1440605888953725	-0.7964811680859742	-1.507421845275336	-8.32541014305896	2.4849837043372154	4.741349525921432	2.179711916284846	-1.1257407352461524	-2.109151223681506	-1.7837691494794508
2.4712652101558636	-0.1667768273005229	-0.22000954640667264	-0.46572256096631814	-0.8765511339355064	-1.145591324563317	-1.2288318628224373	-1.2090080292013075	-0.8976088143762676	-0.5095438395265239	-0.4100986798412021	-3.680485757414132	0.5090213775480876	1.9962590559229014	1.4944550355608635	0.44339783700310953	-0.10888633281843445	-0.20549860959165692
