2.2970768793026157	-0.06119853431352852	0.11751553462137383	-0.549258672527478	-0.36994562791616026	0.022417733829841385	-0.018921682622404987	-0.12850360947892886	-0.0009010615535453555	0.01402112698840412	-0.6705649645993258	-2.06583955187879	0.07796519809788342	0.6079977513773438	-0.10555611961512064	-0.3237628779011428	0.08838494218050885	0.31709354891289365
-2.174478855787184	0.1074268782217449	-0.9596646092685551	0.3341527020273464	-0.4743462403585258	-1.6238254602719733	-1.416006670810348	-0.9183131644771987	-0.8967596280546223	-0.4248744764880901	2.076405366936907	1.8082820553187309	-2.0752497895255715	-1.463171592170305	1.440300193106841	2.3216135931770845	0.9491472346927183	-0.10579386221423323
-6.0153290661572045	0.4257094887766622	-1.2954739969624662	1.8009842595892556	0.5039853467525576	-1.7493003162698388	-1.0896046050537789	-0.6536827525578373	-1.2306487474117354	-0.5240750334411532	3.923137236715985	6.0481915985186845	-3.094501474251721	-3.997202370331235	1.225799416336358	3.095342529155942	1.330228788697367	-0.030176076102567354
-5.111731917314343	1.0573016921703342	-0.07360198359286774	1.2206046663418688	0.5330578613561817	-0.5200194891019954	-0.445221100246098	0.0028088571927281547	-0.13506849892005743	-0.09420952548114066	3.017599821078889	5.098472067161916	-1.9900136867252833	-2.889009496982591	0.03713707118876124	1.79607964189833	1.1972755331724994	0.5207015421774579
-1.4711532957026237	0.8928311376743103	0.7160842064187587	1.2209604895424113	1.1336581009258127	0.8138760058290295	1.034986047251161	0.6509458091987408	0.15336314965483697	0.12218482418918822	0.33973862074791783	1.9244908824462352	-0.004764296600893514	-1.1982436470948348	-0.5742395526679069	0.09023773592612672	0.746448498912821	1.0951686589488403
2.1918398667187886	0.4049375672468356	1.0051141289404395	1.3464600328391363	1.6776679293019088	1.6953731353936996	2.338997688153898	1.040731894885962	-0.017465652884029494	0.17161917824543182	-2.272349729461131	-1.1876503938335152	1.7556231949675887	0.20899294042917058	-0.7705081377935796	-1.2525907145559076	0.3331478862504008	1.524138796759669
3.9201050135112796	0.8198880021288302	2.200586806054883	0.4825303065770169	1.348884980470568	2.62593946260099	2.304830919197469	1.3927157008553115	1.165728261821512	0.5482165507106406	-3.0017230390054523	-3.611772076403575	2.4054588717747074	2.2584746915884466	-1.1813204667695398	-2.222297126407643	-0.2811875669710088	1.221447284805171
5.914412939374235	0.0693649330555634	1.479825670143728	0.3566479752663898	1.3120021455668673	2.389867762981161	2.879402330228369	1.2153508079346447	0.33321602994348865	0.35227455140220837	-4.6207473497140805	-4.812272172909117	3.4106349555513273	2.3267811967733154	-1.1855519916935937	-2.6942397256617077	-0.14199849959377556	1.7660235632414063
6.346776782394193	-0.6161141678932471	0.5170165618960948	0.4926006385952474	1.2587681281086003	1.735665195042964	2.958698614484585	0.8624465208462074	-0.5867937101660328	0.0730578197321961	-5.104536982358768	-4.7177254876170345	3.5691781506379083	1.7368774852269482	-0.8370239423994832	-2.4715438806839396	0.025257351610205373	1.8985148844097073
3.256916693403683	-0.18236970420010837	0.48991702073208193	0.0560417955549241	0.5025353343649086	0.9686211142561171	1.308763700809474	0.454605602477588	-0.01849594569708201	0.10835433843314665	-2.41752834526577	-2.6781123612382514	1.6888560829270638	1.2066286448732149	-0.4377244334399083	-1.2889357588623327	-0.11711790540857321	0.7782751257718363
17.880774909127155	-1.6226622233196817	-0.05852296182519567	-1.9386564536705169	-0.5780984478478379	1.0197275095446219	2.9153659138601236	-0.18049392028527608	-1.681401044019024	-0.19034554944395918	-8.459805433646594	-14.245933043378109	3.7906922184278025	3.5737935453516925	-1.0723134687176878	-3.6904920546221747	0.7525784648822368	3.6603956719554254
9.337650524344042	0.17363991740284762	0.6562874081061291	-0.6972838306542366	-0.4717036162719556	0.18239076687149797	-0.09949098480819472	-0.2523182441511679	0.10032423941382164	0.045118355904594155	0.917936639142352	-6.779739086229243	-2.607817819114085	-0.01970098765969518	-0.7034598745818608	-0.7518451406648733	0.014381449653415253	0.49812670207037757
-11.33206734554275	1.206243929489669	-0.5733941311613883	2.2925470995182855	0.7800708415667423	-1.3802348428331501	-2.477444093580002	-0.010839195450694599	0.8342955948783091	-0.004346000761401967	10.73053061801486	12.053982978801509	-6.396380101375013	-6.250086526494579	-0.05652389198389133	3.1716393244220837	-0.5759265135106283	-3.117176079219699
-8.199270160628362	-0.43515496636613415	-1.492901815788956	1.907836541926599	1.233912090736689	-0.5617451550103678	0.24793878048592094	0.42076245704060217	-0.48361653431682045	-0.1334755804069066	4.154821127764572	10.200108375993425	-0.43036215916446224	-4.167689140957988	-0.6527864158225836	0.6868186707971031	-0.4479054717605544	-1.2062769657358559
0.39203809212873003	-0.8438860999098343	-0.1885466664388617	-0.877920263663864	-0.049765897316629566	0.910722880928414	1.32173798283781	0.6234079656486673	0.27955290654820514	0.2685112944220881	-2.2617189299210363	1.1994821140553387	4.003377182172749	1.4822093971857813	-1.291671109496665	-2.2392201484311807	-0.7306167565888413	0.2550218567035089
8.283720816031268	-1.2634839254114227	0.5258114654589415	-2.5485797707636544	-0.971124782509379	1.4555956480564634	1.6842993514653284	0.34800385154262636	0.31307186753666455	0.3245517492097131	-6.666388508081889	-7.221834467580272	5.942095192023719	5.496225309909353	-0.7970029677751317	-3.5433848648610096	-0.8095186923904492	1.1090717963464276
6.612564616040168	-0.3985724761620186	0.9948086339973714	-2.4108949727719935	-1.4470372714478899	0.6618072650727786	-0.2851503814988265	-0.2212117855745121	0.8525391389106012	0.26964745944667473	-3.649957008719423	-7.388661891942238	2.6307101878635457	5.272428768792177	0.5619951976946929	-1.494377428054291	-0.7794270876470867	-0.13556050941238412
1.311616298097582	0.4636266293215553	0.7453576434824977	-1.4264319949216038	-1.429487918198067	-0.5230988481763457	-2.051338312279478	-0.696609187803868	0.9208155887022531	0.0931634821341044	0.8336755063942749	-3.1932968667348884	-1.1076970822111427	2.6843549981150194	1.4928057490117321	1.0623396369199924	-0.3385870572720252	-1.1859290255397008
