7.311817682464607	-5.694108428724576	-2.996981174990651	-3.7812976429704577	0.1007211986288894	2.447040231578285	-2.210741397313541	6.591931621660478
64.23666192113888	-64.29857434006408	-25.252761356710835	46.43864762620069	14.090534088281856	-36.44187309313929	-10.515586533438182	11.791159061249346
66.73163162593846	-73.60599501387333	-25.18106919400816	48.52424280674313	14.794096186025854	-60.82818214841245	1.555236663465621	28.23563817658578
44.991922228793555	-59.1590412480582	-15.54987460256234	-10.04984677527682	6.341347002751718	-36.42863912355642	9.178795812680619	60.89825157346786
-9.030137702466163	-2.3150162584206555	5.729619867546717	-23.079649212537333	-5.012497379462729	-11.37213673923361	16.071402654193662	29.116140446509235
-55.19103283567529	49.62045172374201	23.45190720104074	-15.180865083239041	-14.546350210690434	4.5380625040779705	22.062124868167302	-14.777135062860907
-84.19156208505956	81.14763265888905	34.62473187384967	-40.83646580611821	-13.566724196552968	43.92498897462974	5.030816887836409	-26.230824772050255
-79.9191718213915	78.13419370606789	32.61665317097413	-32.72727783425216	-22.613380047647297	29.07746994311583	23.57425978932224	-28.30525796589791
-65.66516106493145	66.1279543020828	26.502550061306465	-10.566595855270862	-25.659344785510257	8.322491675736273	34.84971634298927	-34.083997795205505
-35.67927720642092	36.61503217597419	14.271841428669177	-8.70247091634883	-10.834907011178075	12.11265616913397	11.143332896537231	-19.013433944117423
-5.945154065149836	8.17375618009828	2.2255813752271933	-6.447448296006769	-27.59496250837401	-8.153070118190954	37.95616315586085	0.2765461611561477
11.895091944461456	-9.062045476632193	-4.88405791814148	17.155415179324336	20.15833808541356	8.686208874656586	-38.44618451912538	-5.9694701542612165
27.88963745132787	-29.970109722868074	-10.60631894528342	23.33242299372796	39.9110627300397	-18.639263587014284	-46.01119665942679	14.324386679567397
-6.896180482726777	4.319959194108378	3.2640820956075913	-9.054266645922326	-5.653190160235681	-31.791690144877066	30.43243936142244	15.74996339424979
-33.66263869931572	33.861096124281175	13.39857639465481	-64.35053834685823	-28.923080446285894	15.656053310827701	44.53395832673414	19.619494514365215
-46.56210704508703	55.34215103939641	17.406145463421126	-52.89249081606977	-33.58725937260897	44.58241213112342	32.591325988134486	-17.067674949998036
-22.979770766498405	37.42014815012226	7.388646617146151	-3.9906314781983383	-3.793958971175016	54.62403897846525	-22.163548183627427	-46.75325364113087
18.91077647198108	-6.910311905754497	-8.875246039326157	31.20104102694313	21.128222086452297	34.79234510099195	-52.8688952935554	-37.50108894013101
