0.3084622998858757	-0.35245315903869906	-0.3877520315436759	-0.39553336675871065	-0.38209497904970496	-0.34062378762972795	-0.2783300442386125	-0.20137185538857783	-0.11671515224381021	-0.04234705658665421	0.27780063886407125	0.20442578843317163	0.1277667424382679	0.026708926063201	-0.06570247580286673	-0.1597274934189469	-0.23478451059426825	-0.2988889277801643
0.01880829168182706	0.3575289300803783	0.37060656271552905	0.3568676834033917	0.3320671191461205	0.28815473819634796	0.23116332916371096	0.16454877860247086	0.09488884288680188	0.03579271028152898	0.03614288249417235	0.07718054089837578	0.12096685574685115	0.1740242918503747	0.2220043801342877	0.2721251062982014	0.30595812314019116	0.33465804034482866
-0.0015723613898460925	0.396046096335681	0.4120679663675273	0.39831021604812544	0.3715922790762836	0.3230737040281878	0.2595237521671481	0.1849591413193047	0.10669925738293529	0.040132651508166306	0.018559771650282747	0.0662742093503239	0.1170727906916141	0.1791868799571829	0.23542713218797026	0.29400460650539173	0.334340167246066	0.3685858747146296
-0.0223466068998041	0.4065186103827699	0.42438478280132463	0.4116152982808485	0.3848889290188454	0.3352026439885076	0.2695847853775789	0.19233272044381666	0.11098991087051918	0.04164164138480852	-0.0008215612596231022	0.05024175295233281	0.10450719209331115	0.17135481895913096	0.23194243290848468	0.29489758388744075	0.33894386011364025	0.37636566304956776
-0.03400376997951274	0.3942182798284017	0.41238896477189185	0.4008101593574959	0.37530772765236153	0.3271933962966054	0.2633304854401957	0.18799010158595852	0.10850562090601966	0.04064802980984782	-0.012618095597889968	0.03814176706472749	0.09202853587114813	0.15869230508051288	0.21914814498722784	0.2818811545757083	0.3261676175034029	0.3638078109191756
-0.03802304485158685	0.352369696825162	0.3691342086662049	0.35928207627060327	0.3367437420048206	0.29377943773104664	0.2365533701748528	0.16894743009110616	0.09752774747102172	0.036497770446406286	-0.018590924076388713	0.02754849833484958	0.07649629194090517	0.137220730281379	0.19231129963954716	0.24942571736570177	0.2899838718692287	0.3244638286125627
-0.035274737188470705	0.28843971340492497	0.30244703840570164	0.29465301406400196	0.2763435154468452	0.24119724021563718	0.1942760617034782	0.13879250208323035	0.08012751847098205	0.029965660185253273	-0.019195897440749475	0.01899031005119524	0.05948266158643671	0.10980869923039448	0.1554768019078594	0.20279526573036905	0.2365242963862396	0.26520310588321655
-0.028164004054591508	0.20900786743748406	0.21933618014084275	0.21385828662977385	0.20067859638633484	0.17522553489458956	0.14117706972321845	0.10088294789633867	0.058246127821843394	0.02176980663164777	-0.016404968121599244	0.011527432641818235	0.04113547524171408	0.07799064270905558	0.11144161021268628	0.14608450101671822	0.1708570992161461	0.1919233180645728
-0.016797609994415826	0.12119864909950598	0.1272197197012051	0.12407360897444024	0.11644671208567234	0.10168968256413938	0.08193708551286218	0.05855540344378349	0.03380855454127845	0.012633852734091483	-0.009959485366650922	0.006284754511841593	0.02350147764856724	0.044942379102722224	0.06440407801909354	0.08455623696842214	0.09898070106542722	0.11124752805365658
-0.004757748648375677	0.04381106239164357	0.045897511031969575	0.04467454140054507	0.041873308551472636	0.03653161034605295	0.029415975831334904	0.021009305265038473	0.012128027603503844	0.004538518114354717	-0.0023404460584046925	0.0033992356711900276	0.009488142804282139	0.017042682748685898	0.023896412021205106	0.03100172581866886	0.03604828607146369	0.040338582872618586
0.29661171810503795	-0.319708359423498	-0.3528794392959288	-0.36103391087275133	-0.3494099149858074	-0.3118850503227493	-0.2550646182603274	-0.18467601357730953	-0.10706274582723588	-0.038775782243550876	0.2681010613375663	0.1998511286874661	0.12859258883130353	0.0344177647017475	-0.05172679681043439	-0.13930953473117347	-0.2095368561110172	-0.26952627868112267
0.2678169407308559	-0.24129541774277358	-0.2693425959178785	-0.278363439790818	-0.27107028544619016	-0.24299324972191486	-0.19928736934383467	-0.1446451224580852	-0.08391891171987066	-0.030214767172007353	0.2444745167209655	0.18853899921170694	0.13025554918845822	0.05262531615528644	-0.018454772186208595	-0.09055355051090817	-0.14916222515812846	-0.19925197958285992
0.23862651527023698	-0.15948149508374673	-0.18224100103484592	-0.19222143843451245	-0.18947569483746426	-0.17126100906552139	-0.1412225471656191	-0.10298016251775287	-0.05983173408898037	-0.021300866104085346	0.22064106740124625	0.17746817596197947	0.13263518272779617	0.07213991023490106	0.01665996874435531	-0.03939968617039699	-0.08599460220648568	-0.1258487582208601
0.19557591967506524	-0.05107193552966224	-0.06652536468005335	-0.07749227879951925	-0.0806250208291016	-0.07545438709769896	-0.06360796804950755	-0.04724753235042509	-0.027604661897096493	-0.009394876018162671	0.18487029974730976	0.15904888468152048	0.13248647514758707	0.09534800180763414	0.06114244494044425	0.026932212838165846	-0.0031861082100757923	-0.028998628505642072
0.15568189988822073	0.04812632076860611	0.03939254055463841	0.027555662049887027	0.019060795015034656	0.012298485722987269	0.0074892271977363995	0.0038096634947190626	0.001919679703985675	0.0015103178629074306	0.15165836728700655	0.14176458433053563	0.1319717007256819	0.11628019918094687	0.10161055513676458	0.08746165302551229	0.07248388690915564	0.05957482135706053
0.11636746116164315	0.14890136704719342	0.1469108811738281	0.13411105918312005	0.12012796918252687	0.10123629181533106	0.07952929131712891	0.05553308729908289	0.031827309992381335	0.012562640294492547	0.1190818516223231	0.12524669042172304	0.13236557203279495	0.1382809946887837	0.14329035346962618	0.14935606634018164	0.1496047292023354	0.14967130317299754
0.07893381562203655	0.23008312278522958	0.23391974803830098	0.22072002847521807	0.20250980540277386	0.17387906023008018	0.1384519734076034	0.09789025425204832	0.05632851649029165	0.02159056969466075	0.08731530868667134	0.10699671835021814	0.1283295667997368	0.15251017638625128	0.17416746890381427	0.19730383832547918	0.21055349352170433	0.22170403797822266
0.046770580830795834	0.2994419091231207	0.3082694303699044	0.2947398738157214	0.2729242427725426	0.2359737943070595	0.18882136906673347	0.13410040868481782	0.0772743160709434	0.029307624384492845	0.06000136753007408	0.09124909997005372	0.12474441985092762	0.16455717698090078	0.2004628754016751	0.23820853467051353	0.2625888903279777	0.28322903407505584
