18.062600695085166	-7.579805609969419	-23.711886441500326	9.220537474714186	-5.34986814885975	-3.4357335094486734	-0.8222559290089784	0.11922867770943564	0.19903229694598412	1.2066456603987807
-8.79250298305409	4.174389083284807	12.630859095462316	-6.386385290725786	3.005632722469991	1.8885326969334841	1.4067711151816227	0.8590958681861945	1.4072480232940123	0.05839916900896055
20.247488474349833	-12.89623284042081	-22.528553633206823	5.824431752749415	-7.358682508564696	-5.697501813262289	3.36966019339396	4.15423175086273	3.1611449595311445	0.5300140101309794
-22.8481517258776	2.418311745903741	35.367021911477366	-13.422399054960577	2.8095092707909313	0.17190143411983103	2.574904726270082	1.2158458038589128	-2.7271290030491437	-5.565175364639559
10.933997882137703	1.3688628920602	-16.055477846776732	9.278508800975843	-1.6011581046685333	-0.06610833865074513	-5.7134870889016405	-4.923899358681202	-3.5321021725995654	1.5925015873099944
9.07256108618498	1.9894850567154438	-13.46759203060599	8.311352545836781	-1.2011345898117978	0.13779785702910013	-5.705865671232481	-5.014636665387215	-3.759086270177416	1.3166069911311
10.302530245086123	-5.280538036579595	-14.86371320599809	7.536130970131278	-2.877091758705338	-1.629501362179587	-0.2701219192378598	0.3454168044325594	-0.0401789411589784	0.4248029977322331
9.700832047751263	-4.915983141145069	-14.073077328635025	7.318345581602982	-2.717442878917536	-1.5221581792734218	-0.43079495683408986	0.15923713730954434	-0.2395475037114504	0.3493401414965614
-3.2154901551603996	-4.585138453942836	4.510447048686617	-1.7701606564813324	0.028491321448226498	-0.45367086329143214	4.7588645213490715	4.496748945191677	2.8666807081368573	-1.2177721616183141
-11.654226768411222	-0.07629490499485338	16.69556490226517	-7.808112173408617	2.3968903212773767	0.9069460093762157	4.7431468752820205	3.9844522536284313	2.6762891024315003	-1.5884714228274495
