TE	0	1	2	3	4	5	6	7	8	9	10	11	12	13	14	15	16	17
0	0	0.03900046718893437	0.023147441601858443	0.04657844743628964	0.0448580185608049	0.04762407659599108	0.03707095053545643	0.03053743360479248	0.011413781229692544	0.004105635326836618	0.07531345714623783	0.32041717021661165	0.1511815001451739	0.08058423055430367	0.08461449375790722	0.04327458508911358	0.04245787839008406	0.023555206667582738
1	0.060024685306520664	0	0.0013054643431834449	0.016741395663602273	0.022554470753095086	0.020003499211419435	0.016355806093859712	0.008639324747145313	0.006787427178479577	0.008414530671340528	0.06669568851006631	0.22417967022682975	0.10629658180244134	0.061513862164940876	0.042932686899970346	0.03753823964391298	0.026249730992595255	0.014936781420928148
2	0.04818693354200556	0.013595476594093837	0	0.011316087286715081	0.023850583300018775	0.01880118399584025	0.026582865964600137	0.012284117940596624	0.0040831523868086516	0.005742298839604338	0.053014960916188014	0.19754557930077765	0.11304919169917568	0.04625003955046473	0.055836637225368274	0.02787462432954118	0.022254346495738212	0.029527954254798153
3	0.04499466264427916	0.021607629696508243	0.014622679136525697	0	0.022639193469363328	0.026788453246882147	0.017006398644636166	0.005240544008974775	0.004374005680293364	0.00633863116354218	0.049669615402706264	0.17912996223779687	0.12486069422979659	0.046002699524405534	0.056322116864779136	0.036858487365084326	0.02470638500229152	0.027103436335239955
4	0.03861012084882638	0.027741813131517013	0.007154612760991239	0.020015302059861007	0	0.043340766290858215	0.016050131597191975	0.010354208544141468	0.007824390155107335	0.008956544537206058	0.0509715104170344	0.18429743215024963	0.10536280093413226	0.03161946414777658	0.0473194167289301	0.02113984189586707	0.02758799629859904	0.024326334779461282
5	0.03180761581140096	0.02617823525455405	0.021449040788279798	0.016735830207531204	0.02399930431932268	0	0.0332084335985668	0.015100996498903086	0.012953628095938186	0.010315322896350568	0.035694647374292926	0.14160450554013307	0.09376869232707118	0.024578190120101442	0.04661091961765831	0.013244504084338452	0.02299134962943896	0.02409038721142226
6	0.02954667674006507	0.030535103170678642	0.012747984609851132	0.022203802402255574	0.037353769624183276	0.03135721980358188	0	0.008530314903137102	0.017313433565009004	0.010473818679578415	0.029234388059812745	0.1415236222526194	0.08834467938630793	0.03887495336043807	0.03654230320161453	0.00973428505074974	0.031000706570228666	0.032775945716481465
7	0.020730073011803785	0.03513374024453159	0.013933550332437221	0.024851921059474716	0.030162242022277488	0.033519174708260525	0.02655658313895363	0	0.02384944125449219	0.012571572993976755	0.01913393756294058	0.11568596081132196	0.07610060896902246	0.034552439801031225	0.03320482176585209	0.0258543182842513	0.03471632384903877	0.030703784062564972
8	0.013680727593878306	0.041953116781614876	0.013743618100693432	0.022645270387765395	0.04095252738130048	0.04570694180174645	0.03420148623047485	0.01868151740723388	0	0.013450869074156435	0.017537802114077385	0.09316048129442557	0.051591552675282565	0.028584214821862637	0.01826056154018082	0.021701968250735167	0.020961918338129527	0.022909983064867263
9	0.0036102341396990496	0.03188686109368064	0.012538804722369302	0.009066701460285152	0.025141705984019432	0.020236059704706637	0.0173080337336478	0.01698905476177211	0.004040971003042039	0	0.00746730865989813	0.041338395023316196	0.0329639622998664	0.01981018245468712	0.014129304123636936	0.012807090196277359	0.0072997985707443855	0.013281850005672391
10	0.08394702921605088	0.034812787084895686	0.017171004293867784	0.04124486787107631	0.042523878892669974	0.05061076627466084	0.05142822643011415	0.0291673175837721	0.015621200552281243	0.005949420856353857	0	0.330103720002035	0.1598853447385153	0.07090553977926209	0.07492797397075529	0.04197811376046419	0.04846243679887405	0.03136337787609372
11	0.0663911788562562	0.032188083417034205	0.0213146964664818	0.02206083964892768	0.030183393789523057	0.03411210972528463	0.030089692062115647	0.008296361404039422	0.005873456577825328	0.006725168062423671	0.07693307806764345	0	0.07323363551383993	0.0364528815539315	0.03950938308565254	0.03111810667086886	0.017407059865414284	0.01992211455197455
12	0.06891864613150993	0.015664996317196655	0.014638652569268006	0.014986503754908514	0.024614518574618546	0.024862830842483995	0.022568114870618432	0.011181486400947259	0.007436426544158763	0.0031127571473058293	0.07236802662901146	0.16369376394021745	0	0.046772206552321456	0.022208578974498423	0.023451002508291692	0.021824123352447274	0.01036959687437529
13	0.06329431330097503	0.010785586907332459	0.01083001106860816	0.013219478043703842	0.015703727967054947	0.026193475739878656	0.019397979373383143	0.016273362913945235	0.006953693344806194	0.0023346418076632077	0.06149639572602973	0.20575981750931463	0.08488867481806071	0	0.016563015985377978	0.011265583589526408	0.010821774658850218	0.015813580831426494
14	0.06354115368147502	0.013358483390868458	0.005632056536724835	0.0038806550346867975	0.01655103340120888	0.015007539015676072	0.02215580839957964	0.004779582099572038	0.00739869475954733	0.004708740507372401	0.08133770497302811	0.17848718099122704	0.07929655097701431	0.04440831518092801	0	0.02189882573905898	0.01233051562716281	0.01978589466294601
15	0.06321695620424708	0.00816129197637371	0.008686590819705398	0.0069354036704036524	0.018689340443961634	0.013851838074868337	0.010225512111621354	0.004546726562663351	0.003917015829912347	0.003967006004487525	0.0664488481295663	0.18289297224755668	0.09068546645491951	0.04699977547629181	0.008506768652480335	0	0.01255602856474335	0.010470385687199858
16	0.07043742448364518	0.007493459454106691	-0.002153405998736282	0.015024712588005218	0.016011786827602504	0.02353541252273652	0.01207023955158609	0.008136517016906632	0.007091312398906026	0.004460197420483682	0.06166044178297672	0.2356073232535198	0.07699624603519696	0.062190739827060595	0.04176524862957025	0.01885829074722339	0	0.016298947113217867
17	0.06279899296227441	0.01145060172820759	0.010555344681096868	0.012847453779830166	0.009645555200730238	0.019565617408543044	0.012556780044333226	0.0028277110556430493	0.005283188289831194	0.003379088255340537	0.05763224440130501	0.2025094027443856	0.0853750846410268	0.06356176453914375	0.034221854708290415	0.03190974459445586	0.013776305411075232	0