TE	0	1	2	3	4	5	6	7	8	9	10	11	12	13	14	15	16	17
0	0	0.029788934829720237	0.020846365571910334	0.04689365086405016	0.04050937727019331	0.05556607959494342	0.06403186912872155	0.03376381614494029	0.016217521539051306	0.006113022284297316	0.2047118293778915	0.3190842497529478	0.09508121511338019	0.0604448991439059	0.0732894586837147	0.032992014393420394	0.04313126726179977	0.020463265679192325
1	0.16134745065414327	0	0.005574565514604392	0.013845003246833533	0.016123827652584608	0.017856140648929583	0.02741537911362739	0.01060311049262058	0.011467753883047539	0.008492826172874694	0.15761966918492185	0.1730150887042084	0.07397426713742557	0.03446325919669811	0.03019706613407806	0.024683232833652556	0.018365214988623372	0.009371821131695775
2	0.14569127115291486	0.015440259885252317	0	0.016708154701757013	0.022500015310383002	0.019608011002821935	0.03014167090370487	0.01358009690828123	0.009468262976888499	0.005920985229362477	0.14150342169130636	0.16144026275661516	0.07266965850006778	0.03449969911431447	0.039155839648794356	0.019193833838250372	0.02398001012713177	0.019681402063535143
3	0.13580185968555294	0.015145560555609325	0.014194012727559649	0	0.023152085327529784	0.03031810226287279	0.034367445549902925	0.005237975453139621	0.008828655961255491	0.006391362042109912	0.10900761070635274	0.14455758254117926	0.0760029325140543	0.031076767964420625	0.043723454659843	0.02594041409174451	0.015500500769716404	0.016597808577797017
4	0.13229375613643132	0.016989170104396035	0.0074525650933050845	0.012201925715138623	0	0.03981830773064477	0.0201967536840625	0.009321770199609059	0.015742929271932982	0.008971982443040804	0.1017199537968306	0.1459884384898528	0.06868954922509492	0.020631955227502483	0.030218926077565315	0.019075324041049623	0.025833118397019968	0.01733640747154893
5	0.1100656499945319	0.021577434031602758	0.015608184461097515	0.01797223400827719	0.01860824440821498	0	0.041150752874778145	0.01479900259553833	0.019315361854656005	0.010513997347361817	0.08905738779946863	0.10885319261849287	0.049516345742427956	0.01311722955165509	0.030203382771055286	0.012323902236065895	0.020649118609900857	0.01991283837376596
6	0.08971308783039456	0.02294636188112397	0.010272734739684899	0.021105592644157314	0.027627728161951387	0.03168922302215781	0	0.01209534045204168	0.027486371958368346	0.010328354763969648	0.07592992667842896	0.12388427150920334	0.058589790978339586	0.03245125013682935	0.024846121116252885	0.008498273651926553	0.027205087287560423	0.026178337092181047
7	0.07572707935242096	0.02775752084617003	0.013210748730633515	0.020574194281013522	0.029946568185073186	0.030315841946559098	0.04723129381662513	0	0.03163397788167264	0.014577341288402853	0.062219146352835146	0.10991883428258584	0.054695036165636424	0.025071804748145608	0.02533944327166782	0.02719515197811768	0.029764937874859586	0.025072161628154115
8	0.05100364377642504	0.03467522245692074	0.013831418559730661	0.022547610893520174	0.037576850803653646	0.04816431242254569	0.06152494859694842	0.029737497340417352	0	0.015492214644062505	0.051794025548625174	0.08151780725390094	0.042054796178634335	0.025970351952300522	0.013126765059899405	0.0223557623971237	0.018861551975395664	0.020551126125846315
9	0.015261493965233717	0.028019591130016237	0.011164456072551728	0.010211813093431782	0.026854389875926123	0.021408584164544348	0.023494385047491483	0.018823456180875636	0.007812671928852136	0	0.022925443709125498	0.0365919356911864	0.02665139191188923	0.014450410341808932	0.016436478547635608	0.014137844201683687	0.004894036272393122	0.012835958999736455
10	0.21154247378249438	0.023335284696260682	0.017751024041481423	0.043602179187586576	0.030047116676197846	0.05058345373446607	0.07111512664161125	0.0359859133518355	0.019345561282345852	0.00802149098956095	0	0.2872830985309392	0.11518101066235083	0.04994682340135145	0.04806754029607363	0.027395625993522826	0.04188230386701744	0.02698338589784041
11	0.175963171689237	0.023182642269920034	0.012067671528549704	0.023539602305141488	0.03703613203200856	0.029542844995620144	0.03132382834777424	0.01832642988735749	0.00993055700548405	0.006680273395515543	0.18915097828286795	0	0.05645700551867436	0.029071264597981972	0.03354099216728259	0.019248759464954926	0.004804458745104482	0.01843743386050595
12	0.1768343173779213	0.00849458557571033	0.012133015336674163	0.008214957375834516	0.025514843786169365	0.016726731368218003	0.02716280778769232	0.012458343905365604	0.011078179364159052	0.0051114483859951146	0.16056759160062226	0.13874594252066155	0	0.04041643798013449	0.016816646454832936	0.01655205958896061	0.02357008047035091	0.0073578544133406235
13	0.16838651497220533	0.009533948819690044	0.011439512243882628	0.015722720008373353	0.01451421873377281	0.02284142061309608	0.01654253876852425	0.020396206913469654	0.009992604637129308	0.004338423955917087	0.16168024841493808	0.1769021679070203	0.05810429613318549	0	0.012802358000306385	0.010875766990499094	0.01369526165504379	0.010793562233073538
14	0.16124895208986326	0.006177319470220902	0.006423430178933146	0.004196422826989259	0.017723762108561653	0.013616657278308426	0.03136274881247691	0.0072021532041601595	0.007734738542279367	0.006475496042852824	0.177501245349609	0.1749790998142878	0.07066395732024348	0.031139335662227156	0	0.01831457005136239	0.01342407312414648	0.013020144921607139
15	0.1527467276312794	0.0068910959451727715	0.007486730558028882	0.010216882800881412	0.015301172667621137	0.012092479416241532	0.015733923668449185	0.004350108508916896	0.004489900797561721	0.003975492459195287	0.15288122212257096	0.15925363725613634	0.06622743143282671	0.02817145276583593	0.010451648446032158	0	0.011333104824864331	0.008064314394638594
16	0.17510972430179841	0.005109235238290091	-0.0008403848216061477	0.010819506816132208	0.013689423596686229	0.021965908493413927	0.01745269850325207	0.010361022989376707	0.00920649856013279	0.004548393677840517	0.15390495664112058	0.19800625791783705	0.05070070965486155	0.03920848690049895	0.029408290136757123	0.019080706309776277	0	0.013868191264052036
17	0.16922642761512344	0.007275452967720001	0.010164619540222757	0.010329287231374914	0.013127373607908624	0.014544547026321165	0.020779703583637114	0.006757295167331012	0.009256145646219183	0.003505807738205791	0.1455998350094736	0.17540197543647507	0.061778404983535505	0.04615872276158329	0.01880041865969961	0.0172430600134021	0.015004071072601025	0