TE	0	1	2	3	4	5	6	7	8	9	10	11	12	13	14	15	16	17
0	0	0.02307508398045498	0.017090634267266605	0.03748150369018092	0.04155399611848571	0.0400747702373721	0.05674183855965827	0.041193779185600125	0.022279163723053996	0.012024495942631679	0.40168244136138015	0.27696066212840226	0.0709319982620384	0.052450864531077224	0.04671391763143964	0.028574087130011486	0.031322979865715736	0.01897415645867018
1	0.3299386011629781	0	0.0009158048217669219	0.01508520775849479	0.01672592494611766	0.011069287015983453	0.031060511641644525	0.013680819729463408	0.01627816933113641	0.0100913913766428	0.30459860496517366	0.15013673952523354	0.05350161235569351	0.02015117068112911	0.019241546405590233	0.020555129019075555	0.010280363725978268	0.00577974117497942
2	0.287291825811932	0.010351168297775512	0	0.018136846185627033	0.02345480815876754	0.014182797764440015	0.02529622331527362	0.018964906764722934	0.011589136435578132	0.009425046131003824	0.29371778139909255	0.12477220621409021	0.04976955996154683	0.02094947920374635	0.02353747182707974	0.015748987326615213	0.019291205114064756	0.012227681132758985
3	0.28460822662111124	0.008808329180444729	0.010345132679932588	0	0.02164258782693889	0.03228655157191491	0.02523092286677911	0.0105905853844169	0.010204747589943861	0.008606630641543156	0.26163582818090825	0.12005359834525658	0.050619138421483564	0.021827845695662384	0.023125414892755318	0.025476186453617572	0.01672874883854432	0.016598808179870174
4	0.2859783936578741	0.012106532415142545	0.004002859291211592	0.008838215511801762	0	0.03288289230621202	0.025650907510780745	0.01851640041621916	0.020127176817918865	0.011049059083609083	0.2557448809025766	0.12579833361785114	0.0519043716165918	0.016704239867447224	0.012523449478648536	0.01296256462880989	0.021680331412284582	0.01172804092382844
5	0.2504234833130973	0.015157391991389926	0.006445731397415208	0.013752883882765268	0.011851584198033543	0	0.040718877634468575	0.017519052203854177	0.02512224644706054	0.015088541992195881	0.20678579151776452	0.0927763336600125	0.037742817215918954	0.0045760408272987356	0.01385488960374292	0.009599339975522887	0.01910193769619085	0.012381823302472549
6	0.20907395202077453	0.023948810633511616	0.0020302488256513916	0.016118184401309292	0.013854401207271274	0.03068085629502028	0	0.02108874773729735	0.031730796213770486	0.01405456210823665	0.17295647265475264	0.09859547645590844	0.04838778954992055	0.016666957090391666	0.014663176538476225	0.008409990396279547	0.022954852554886208	0.019506701210399126
7	0.1593596089436936	0.020048978974127156	0.005929400724416099	0.013214537250718358	0.01583445272845725	0.024537857333882696	0.0476217433703245	0	0.03194773119246562	0.017414349610521348	0.12968486962177547	0.08599733603134126	0.03653772124956682	0.007259220192120236	0.018953133751956088	0.025031497991968285	0.029712500404086864	0.014002333192479084
8	0.09295105563029372	0.03445297160989533	0.013947442885306824	0.015904453599211978	0.025407330657820772	0.04423987401553393	0.06462948606682864	0.03244905884640904	0	0.019225275069909335	0.09653944080871546	0.0856792626588172	0.034072979692385034	0.009546535221835092	0.013380544854214813	0.016378940518840368	0.020209487159505345	0.013556993433724993
9	0.030797237216573417	0.028522619709716285	0.008957949686786038	0.01146744747334251	0.024584744343502767	0.02096763805866959	0.031563146582332946	0.02691731483057867	0.015486693541356318	0	0.04840772055896332	0.0320360886053397	0.02607466826276978	0.011575183966226373	0.011804380059561394	0.013243544652815352	0.003527152575046764	0.0094457006036293
10	0.4445381003598253	0.01736092127354813	0.014876325987290558	0.03286956553478065	0.03456350249607345	0.046187754798405305	0.08397923711869731	0.048911671806941	0.03308078426861242	0.010019477337612917	0	0.24235315933165394	0.08783939771789247	0.03489022296061103	0.03553857062841537	0.023608783011295244	0.03072667165630535	0.025296061263423843
11	0.32408285680003535	0.018446281456276345	0.00483048141542687	0.02549781864275395	0.03149847386379214	0.029342866784755138	0.03248328593000481	0.025214689966314055	0.017955548900095576	0.007203579278303369	0.32470006296899556	0	0.030608741432949747	0.02624219204941316	0.011360825693823098	0.0023805197836925317	-0.0037331284290034196	0.015560217700896196
12	0.31662058179215236	0.0069412532336076615	0.00877760122614193	0.006291730242175183	0.02033386938016441	0.015050065517109365	0.029337696021859917	0.013454201713963712	0.012969562582028499	0.005638433015738778	0.2884262846454295	0.1262493117698904	0	0.028971265626027105	0.018354383327295505	0.010350921859638797	0.0164398307169239	0.001383093798085716
13	0.3033481987892448	0.004193971086036428	0.008108295090235045	0.009356945472802473	0.015228189388369262	0.021604508012384747	0.011733302217248527	0.02101678613019127	0.012689985797753673	0.002651528081213989	0.2780125628223776	0.13611407461644	0.04963212536657777	0	0.011055198108095176	0.004687329751984402	0.011591081693608198	0.007804341634120537
14	0.33651947310960934	0.0033261096592690745	0.0018519905046263908	0.007920420227190259	0.015464922474043852	0.013731450728355328	0.027508443561426375	0.010339476026638405	0.011183952638067951	0.005433427705434779	0.29583628820382946	0.15325892996252535	0.045693870935425394	0.028301477903641844	0	0.012777785429667232	0.0073324336381078645	0.0106585048937639
15	0.3257366098557449	0.0029641409093444544	0.009284507294922886	0.010420822459758014	0.009833210552888369	0.011271265225542431	0.008995681562340898	0.011820446615222982	0.0077290555153980015	0.005996270221771858	0.31029072185776974	0.12054933826860798	0.057575429771705794	0.016419684366946626	0.014132725996384158	0	0.006897027322411045	0.0063748430687419555
16	0.33016194861341513	0.009274592270433002	9.030184245628927e-05	0.012252857882286722	0.01783307894494402	0.020990084459809107	0.02136759794715273	0.01673326884921617	0.010502238736867228	0.00790277915719897	0.30445907643818976	0.16042045288751808	0.04869501884287922	0.033132041311665555	0.022679387176716984	0.016102047362882867	0	0.011409134862005503
17	0.3309979592971477	0.008155825597813906	0.010182841130084743	0.00842745327368649	0.008741129815383967	0.014480620372831597	0.01961295865882307	0.012582121484104467	0.010812665190329305	0.0068060666205859936	0.2912283533802511	0.12797200919480115	0.05706160736605295	0.03218671786755821	0.0075341596977627455	0.01288751587020554	0.009849259511764751	0