3.9175248607750066	0.0483462932327149	0.498321858152647	0.5111128260923634	0.2495395913779979	-0.23800604684202922	-0.5802484914430464	-0.716417657257971	-0.5921365658004343	-0.3932020526502754	-0.8076488384692415	-4.616389636843198	-0.40732991526676215	2.078172531004258	1.1333945314028688	-0.5329371958349445	-1.113737254827408	-0.6223039387111754
-3.8341140018969617	-0.11593972064749702	-1.7453801974788625	-2.3062558981057255	-2.042602152733087	-1.1794487918521603	-0.41137414282158075	0.1878991451951679	0.4209407586410655	0.43576269292661274	2.334991561859943	5.281682280003821	-1.926922264447728	-4.061821577315159	-0.7967311195916901	3.120864794281874	3.8576905987614465	2.0133388157519887
-5.5822549278876545	0.16970876960269635	-1.609246216649973	-2.1232172403243625	-1.7132260860272006	-0.5941662246111629	0.3067586337601715	0.8840022430216709	0.9322965558099943	0.7414172041384431	2.9972427580843854	7.597134365273096	-2.064456296540753	-5.542067430133503	-1.664265654937476	3.304045729309268	4.517929295778349	2.5496547408306003
-4.804695229585534	0.5121758006604653	-0.7333067749565743	-1.0331365434988546	-0.6776832133852619	0.21294736040919926	0.8630455323740209	1.18117626065433	1.0351017942061125	0.7283821241072637	2.4057848605924854	6.483583178502482	-1.4795888294970523	-4.60879306981726	-1.611248224003749	2.3943371551047887	3.5540989862909655	2.213269198908396
-2.5603600996518794	0.7991026374994346	0.4174252445463709	0.3946225747047419	0.5768634993815966	0.9724693463648949	1.177312958476952	1.141045516924191	0.8409280921237797	0.5060134560662044	1.1130123561874465	3.377524149637637	-0.5347183200374471	-2.291399502975329	-0.9687514928251346	0.9569942280105725	1.7215165264397778	1.3615797409138335
0.6573995031475818	1.0630123448068165	1.7214403323487326	1.9973873594223917	1.9272198116851893	1.6645000429948926	1.3090720135633038	0.8690300889497092	0.4505580728926658	0.1498569687933533	-0.5917549109469348	-1.0361931091944365	0.5471876486309721	0.860410547225017	0.07564097223037401	-0.7270129270890359	-0.5725646432275966	0.2348341796531685
2.7616753323130823	1.1238344606417001	2.395928104698463	2.835972663771137	2.6034423310010637	1.9307445482325525	1.2421407771868407	0.5840848226532406	0.13620016205943677	-0.10584160377390316	-1.6512754195728563	-3.888290961799933	1.1849854638127022	2.8633213134466695	0.7746938280265838	-1.7491524253683093	-2.0204186614294914	-0.5320693175255472
3.5220914727765704	0.9548831007960387	2.3307897563557534	2.773642479985846	2.485671081323083	1.6993557587201853	0.9477002087627514	0.29139007236527603	-0.08256158026726163	-0.23922111129687676	-1.94885296002583	-4.87890456953996	1.2864918079324927	3.4916175701591707	1.0652716276438206	-1.9703804862795704	-2.4440483759277276	-0.8557789812887554
3.2544019130548936	0.668858965861434	1.85303227964252	2.2190414415208513	1.95548287735685	1.2517595008722304	0.6047159157632204	0.07142813713003657	-0.19142255258073904	-0.27080219827803675	-1.7691890984907113	-4.494091357725382	1.1435452897672054	3.211274310018973	1.0249026121480422	-1.7506329737832873	-2.2531517371110006	-0.8984708126696808
2.286821106529935	0.3650978826279295	1.1356107552972547	1.363200193531551	1.179703876730013	0.703058973757539	0.27870539519365123	-0.05299965756254161	-0.1920970185339262	-0.2130761667021487	-1.2011386164874496	-3.1388581666343054	0.7390328626711746	2.2100878069520693	0.7405717681962729	-1.1557544213378577	-1.5362075169556904	-0.6609345710650607
10.711799964603122	0.41717390608613236	1.9233717163393964	2.1274040332554516	1.4578363176120734	0.11267328530159891	-0.9104366499637259	-1.4498291581462697	-1.3135197058391404	-0.9358502794114619	-2.0014833641761807	-12.178883855468195	-0.8783241614544736	5.447247701192859	2.597275100653725	-2.0527789015306817	-3.4331614646158006	-1.7364324863285534
6.712821537316576	0.22171665505188193	0.45270466498646367	0.42341352340397703	0.23471503892418719	-0.05671825423423025	-0.28697280703034217	-0.3851661954400687	-0.30475011749745357	-0.18336489905289574	1.6793746557396885	-4.8142198067775315	-2.7945520614391293	-0.35317290307922833	-0.10550576205853154	-0.4287918260730104	-0.5033556464551562	-0.16018594850433715
-6.353440378191299	-0.36871177420341056	-2.077679788511032	-2.305342196351012	-1.5460157276541338	0.01747111811294648	1.165445617413732	1.7571854998252354	1.597410405496499	1.1562766947329375	5.444440192816197	11.633822194562326	-2.1812140712051566	-8.465399805408316	-4.27096773006422	1.880486663032237	3.8513111113274414	2.052326472171873
-7.360883209320807	-0.5303727730748381	-1.4768795614722487	-1.418107555691236	-0.7448135330530786	0.44013329294355563	1.2719045434712033	1.6181631109792818	1.3615118020073858	0.9213966134869013	3.252485997717473	11.05834866931632	0.7179266665505628	-5.42610435039503	-3.3540192020725206	0.5042344819906595	1.9270313966867136	0.9194461129557898
-0.39236987342358254	-0.3452106358333665	0.3855676470929445	0.7425106750350888	0.7725876546275887	0.5625615862739286	0.347941218599954	0.12927966498299423	-0.01666745405620204	-0.08643745848269727	-0.7362220317403454	0.754348922270831	2.5731795800267863	1.8367010844379716	-0.01778510546203164	-1.7629760078646726	-2.030186386144124	-1.2368652696610096
5.689792656142867	-0.22475655418850346	1.3933306773775809	1.7603605081794094	1.254397550276896	0.04537303035485668	-0.8577502336230205	-1.345914589293288	-1.2413767532610966	-0.9073481083455542	-3.3516362039564878	-7.841904991889059	2.794304282787853	6.825187115023263	2.7879430692167797	-2.5814116838184566	-4.157764516287963	-2.4388607789222134
4.862271392123863	-0.23585300254282254	0.5401212203267686	0.5581961817048103	0.10964121093972543	-0.7546028450348348	-1.3183612513388154	-1.4926872037354055	-1.200319870374404	-0.7844159559905873	-2.3072848602332496	-6.65884451700713	1.1486324953543168	4.941856041262061	2.662065412805939	-0.8418099734769432	-2.1528494810362813	-1.3846724340719099
0.32261582777112646	-0.20739718394595252	-0.8033368192179293	-1.1425322577896517	-1.2195802878939022	-1.1467388096676339	-0.97174253881049	-0.6913471104394154	-0.3865162762584469	-0.15155218957192812	0.23432806782363816	-0.399147730519843	-0.6917385059989857	0.05643812214726846	0.88911737067737	1.4647479297465855	1.2283085720476783	0.4980683703394007
