2.555999838931333	-0.7094632180896616	0.8864428009896795	-0.37965144293685943	-1.1943092540467166	-0.44235041962673405	-0.313366324394777	0.4834126599057928	0.31110626982852163	0.449613213018024	-0.9764625260872613	-3.1475115409637016	2.6465472126428784	-0.1920164613718431	-1.1356932563281699	-1.042479966044956	1.2761088985136906	0.651890157665564
-2.031675489624185	0.4687146829408527	0.22417581496991099	-1.73750248482601	-1.3247565634246747	0.11084645431630724	-0.8378283423240195	-1.94831418998279	-1.9065868054542532	-1.64370581183454	1.4914443000306143	3.2680569779838136	-4.425729513464744	-0.574816498617916	2.4574947859956513	2.633601809520642	0.13534581575914634	0.18707188948657977
-6.214319527095672	2.695877017906588	-2.8814418808596662	-0.13439263183183617	1.5305172126031261	-0.8531740951451472	-0.9675161344650777	-2.7016287139613624	-1.6324706986617008	-1.5617049179972455	3.898026227013385	8.552153941437384	-9.24124917467866	-1.1629762226589628	3.173312990387207	4.5362832894445555	-1.107442498939832	-0.0508829368387947
-7.330506813476944	1.7203942000983374	0.33696547777645475	-1.708377447402516	-0.16512889343390044	1.6153699458238397	0.28998918568751214	-2.006204856990658	-2.1245052276372567	-2.265993858831561	3.8611723127045385	10.332801568402939	-8.957028161074378	-2.403723058331127	2.9277329970793784	4.031508678286125	-0.6155423818082716	0.2592493739207338
-4.006201763577341	0.8115863830939753	1.7808570263169974	-0.9007791934384176	-0.23228406559065193	2.072922827613432	1.062466691625014	-0.18374955539782778	-0.7916293074462486	-1.0723316267510847	1.8284355096793155	5.601827074356766	-3.897277837808046	-1.8140358808057835	1.0126906899381234	1.686389390777248	0.2817122527437742	0.6555997681160953
-0.5797689537833559	0.9523768316738418	0.22660618071832755	1.5829305449771873	1.6828630125625053	0.566447745697932	1.0228581976776914	1.2289145909079717	1.1827905962561165	0.8419043121758152	0.06125649128913026	0.340003940310079	0.6577132385686458	-0.2612096226223605	-0.8481318485728508	-0.2768441824343263	0.4622734305722363	0.6788832567022276
2.915171351963686	-0.14406151862493696	1.5391608199083326	1.89057240673793	1.2673862308567216	1.0709655291796392	1.5123906790556516	2.408502286752969	1.880192568383505	1.5076218166812687	-1.8037603664645439	-4.364606490822949	4.640658783772678	0.6493340336067932	-1.8546322716128243	-2.10926525496149	0.8612269041323667	0.6341588981136457
4.70920189511078	-0.6478658835799146	1.7599246730345326	2.1097760014291906	1.2363191277768166	1.133517586008927	1.5956159613180585	2.749525847819334	2.1058693209824466	1.754498299859754	-2.6702983212150917	-6.769547037771132	6.2200277660792365	1.3759011590103585	-2.0396613496269187	-2.8453426921413234	0.7168304887328933	0.35227620557954054
4.936112981747523	-1.0663002197473812	2.0835745055432597	1.4117763271963657	0.4346115482698965	1.160029498637225	1.3525765007818016	2.4276415706302377	1.6727859254495645	1.4250942229321846	-2.760168071722271	-6.906055857060208	6.1716701023790295	1.3341861541633677	-1.8109152453903485	-2.808868349404607	0.7478802543381836	0.24594057798060887
2.876962094764077	-0.6853925749496461	1.292404657313022	0.7030564182888932	0.1777335320189375	0.8054522736793488	0.8076391334736978	1.3280167534263454	0.8440568997441427	0.704725501671272	-1.5707588234671659	-3.9626155504312663	3.363361334923374	0.815796921683832	-0.8719301961586903	-1.559890344967431	0.3076691750412068	0.03804804579097717
12.565649216308913	-2.069344014548368	2.4696371800202197	0.387399569909564	-2.004547497555418	-0.7969654648460424	-0.3728699764758546	2.0054496042450594	1.4556242503054624	1.7632325092248946	-3.374928911452988	-14.917983751362659	7.944001845870237	0.7226148487707083	-2.8680211320846287	-3.546525700362009	2.919342234733473	1.236762477174853
6.9440478129605525	0.054434792549820206	-0.18242603888585557	0.20282411652826138	-0.23347916531905819	-0.7613753664832092	-0.4730184629913305	0.10070530554674247	0.3097281909309103	0.43106355908935423	1.717438824940296	-5.321368485876046	-1.59516036032163	-1.5442806785687342	-1.018707416028929	-0.3026461994781423	0.8700354061003684	0.5231610748654337
-11.754001361614753	3.131852336081023	-3.92945102096411	-0.16648494647665235	3.231720947812416	0.8934221534936208	0.6111321387569137	-2.464792412570425	-1.5281747670841686	-2.0407690690784177	7.785556968732758	18.194953327118856	-13.874016681750293	-3.162750395678744	2.6939050326313136	4.554082220109637	-3.9933411913792924	-1.594921387125055
-7.858588389985843	0.7010670501024843	-0.9867285412002593	-0.5064603266330518	0.8968123809353472	0.928488767824279	0.9217252680773397	-0.13471434022728743	-0.09436702021400496	-0.5141713953206799	3.3615068908690278	11.51558909747268	-3.374107365528352	-1.8682271119799736	-0.3940973890831637	0.5951485995792223	-1.6570476250046071	-0.6469158744859641
1.243233490146181	-1.5032770974812297	0.5001752541568067	0.2886892383070064	-0.6080753769106082	-0.44669404907529625	0.24009007565213747	1.6089845226867532	1.3581364885435225	1.324703445029812	-2.012326502766548	-1.7943224333845462	7.20878300610956	1.2136780100475868	-2.4352095302636894	-3.0076221150255367	0.46802224530095793	-0.07600707799201245
8.35262000956032	-2.9008786818275007	1.771133739541974	0.47916339784073136	-1.7752746502863912	-0.9247945257249031	-0.2744494060840583	2.198085961194898	1.6561131993705855	1.9418158551071665	-5.207513936856607	-11.514125405208704	12.273116714531035	3.3047772119442893	-2.6438374024446243	-4.568285138255716	1.589977831412623	0.08461056970968184
7.57319452656869	-1.7384860812956644	0.16010797437544938	0.5985024095330331	-0.8230522499314943	-1.3154855925646751	-0.9280663359094831	0.5170046629952609	0.5356919519324002	0.954050618326548	-3.7395989220057166	-10.203598784935762	7.122981995822425	3.5804216592823033	-0.16750145295807853	-2.1129788060801893	0.48246334224446363	-0.47837485389243084
2.328452200946313	-0.250020893142024	-0.42287114340217413	-0.5525329263410222	-0.8198136667426053	-0.8858604968101677	-1.1583093806127835	-1.2311405455549764	-0.9758538016235626	-0.5871819042427125	-0.5895139099253702	-2.787361344022737	-0.16977382981330028	1.4440775174698315	1.72176838757374	0.9711386913355635	0.058790899542410444	-0.24513916504000893
