5 0.05 0.005
5 0.05 0.01
5 0.05 0.025
5 0.05 0.05
5 0.05 0.1
5 0.1 0.005
5 0.1 0.01
5 0.1 0.025
5 0.1 0.05
5 0.1 0.1
5 0.25 0.005
5 0.25 0.01
5 0.25 0.025
5 0.25 0.05
5 0.25 0.1
5 0.5 0.005
5 0.5 0.01
5 0.5 0.025
5 0.5 0.05
5 0.5 0.1
5 1.0 0.005
5 1.0 0.01
5 1.0 0.025
5 1.0 0.05
5 1.0 0.1
25 0.05 0.005
25 0.05 0.01
25 0.05 0.025
25 0.05 0.05
25 0.05 0.1
25 0.1 0.005
25 0.1 0.01
25 0.1 0.025
25 0.1 0.05
25 0.1 0.1
25 0.25 0.005
25 0.25 0.01
25 0.25 0.025
25 0.25 0.05
25 0.25 0.1
25 0.5 0.005
25 0.5 0.01
25 0.5 0.025
25 0.5 0.05
25 0.5 0.1
25 1.0 0.005
25 1.0 0.01
25 1.0 0.025
25 1.0 0.05
25 1.0 0.1
50 0.05 0.005
50 0.05 0.01
50 0.05 0.025
50 0.05 0.05
50 0.05 0.1
50 0.1 0.005
50 0.1 0.01
50 0.1 0.025
50 0.1 0.05
50 0.1 0.1
50 0.25 0.005
50 0.25 0.01
50 0.25 0.025
50 0.25 0.05
50 0.25 0.1
50 0.5 0.005
50 0.5 0.01
50 0.5 0.025
50 0.5 0.05
50 0.5 0.1
50 1.0 0.005
50 1.0 0.01
50 1.0 0.025
50 1.0 0.05
50 1.0 0.1
100 0.05 0.005
100 0.05 0.01
100 0.05 0.025
100 0.05 0.05
100 0.05 0.1
100 0.1 0.005
100 0.1 0.01
100 0.1 0.025
100 0.1 0.05
100 0.1 0.1
100 0.25 0.005
100 0.25 0.01
100 0.25 0.025
100 0.25 0.05
100 0.25 0.1
100 0.5 0.005
100 0.5 0.01
100 0.5 0.025
100 0.5 0.05
100 0.5 0.1
100 1.0 0.005
100 1.0 0.01
100 1.0 0.025
100 1.0 0.05
100 1.0 0.1
250 0.05 0.005
250 0.05 0.01
250 0.05 0.025
250 0.05 0.05
250 0.05 0.1
250 0.1 0.005
250 0.1 0.01
250 0.1 0.025
250 0.1 0.05
250 0.1 0.1
250 0.25 0.005
250 0.25 0.01
250 0.25 0.025
250 0.25 0.05
250 0.25 0.1
250 0.5 0.005
250 0.5 0.01
250 0.5 0.025
250 0.5 0.05
250 0.5 0.1
250 1.0 0.005
250 1.0 0.01
250 1.0 0.025
250 1.0 0.05
250 1.0 0.1
