1 1 0
1 1 0.001
1 1 0.005
1 1 0.01
1 1 0.025
1 2.5 0
1 2.5 0.001
1 2.5 0.005
1 2.5 0.01
1 2.5 0.025
1 5 0
1 5 0.001
1 5 0.005
1 5 0.01
1 5 0.025
1 10 0
1 10 0.001
1 10 0.005
1 10 0.01
1 10 0.025
1 25 0
1 25 0.001
1 25 0.005
1 25 0.01
1 25 0.025
2 1 0
2 1 0.001
2 1 0.005
2 1 0.01
2 1 0.025
2 2.5 0
2 2.5 0.001
2 2.5 0.005
2 2.5 0.01
2 2.5 0.025
2 5 0
2 5 0.001
2 5 0.005
2 5 0.01
2 5 0.025
2 10 0
2 10 0.001
2 10 0.005
2 10 0.01
2 10 0.025
2 25 0
2 25 0.001
2 25 0.005
2 25 0.01
2 25 0.025
3 1 0
3 1 0.001
3 1 0.005
3 1 0.01
3 1 0.025
3 2.5 0
3 2.5 0.001
3 2.5 0.005
3 2.5 0.01
3 2.5 0.025
3 5 0
3 5 0.001
3 5 0.005
3 5 0.01
3 5 0.025
3 10 0
3 10 0.001
3 10 0.005
3 10 0.01
3 10 0.025
3 25 0
3 25 0.001
3 25 0.005
3 25 0.01
3 25 0.025
4 1 0
4 1 0.001
4 1 0.005
4 1 0.01
4 1 0.025
4 2.5 0
4 2.5 0.001
4 2.5 0.005
4 2.5 0.01
4 2.5 0.025
4 5 0
4 5 0.001
4 5 0.005
4 5 0.01
4 5 0.025
4 10 0
4 10 0.001
4 10 0.005
4 10 0.01
4 10 0.025
4 25 0
4 25 0.001
4 25 0.005
4 25 0.01
4 25 0.025
5 1 0
5 1 0.001
5 1 0.005
5 1 0.01
5 1 0.025
5 2.5 0
5 2.5 0.001
5 2.5 0.005
5 2.5 0.01
5 2.5 0.025
5 5 0
5 5 0.001
5 5 0.005
5 5 0.01
5 5 0.025
5 10 0
5 10 0.001
5 10 0.005
5 10 0.01
5 10 0.025
5 25 0
5 25 0.001
5 25 0.005
5 25 0.01
5 25 0.025
