3.5711804063444994	0.026431172698918634	0.13622733595171038	0.14296357091422224	0.09855841891411983	-0.21421818640463322	-0.4495403072442209	-0.5541568210791116	-0.44036222952049564	-0.24957029442064996	-1.1977340772609049	-3.1662129820829112	-0.12408681584722629	1.2310166389005772	0.44722663503300625	-0.30805542966795674	-0.5174960128504698	-0.4340338194122216
-4.664204677282067	-0.22681206281728555	-1.3364200412204517	-1.9507397215484612	-2.154789407579161	-1.461176243719945	-0.6757630528477495	-0.057990792013104864	0.2707130942268454	0.2867975704992615	3.921041875497817	3.675037970327571	-2.405475936915109	-2.915495880803557	0.5975616063618947	2.8316282724265993	3.047037708201408	1.9563780930982164
-6.89930113525375	-0.05751187404485124	-1.3019635742213969	-1.933935880328859	-2.0812166159357943	-1.0813423130102597	-0.08352694444952204	0.6227754762332335	0.7904106259441522	0.5814455980730064	5.546587304322075	5.660336138622118	-3.2009577041680712	-4.5173172859152055	0.1391440166269736	3.2942993708132895	3.785216476493869	2.5977228102682153
-6.587945276662516	0.22359054906627385	-0.7435908836789611	-1.1925218147991987	-1.2504610062446202	-0.31984719855895005	0.5230458578122548	1.0632622492762858	1.0143296473513892	0.6615892301196763	5.130798292872088	5.505340658862718	-2.8247004658227155	-4.349234842054862	-0.1775976809788657	2.759269579572058	3.3294517009605507	2.434327745851304
-4.546546061533653	0.5427476552849435	0.09235490687952322	-0.06489290707287364	-0.025591975554271063	0.5861074160176623	1.0438066044230947	1.2680010975280211	0.9981926184440856	0.5807335000872085	3.359699026296604	3.8509165472177154	-1.7253249274007472	-2.9913135865216	-0.34360565488900807	1.6253095024466553	2.1276429595053	1.7465602117946708
-0.23096067152425628	0.8826541339269401	1.1992033643142732	1.4367483124737788	1.568275755817791	1.556735842526437	1.363060903828677	1.1094827377604857	0.6469370436568215	0.28675491820035326	-0.006638649498257398	0.20143332446498727	0.12436434025107651	-0.19553519739800748	-0.2601944623284545	-0.15063346305170205	0.0904293654806454	0.4495182956155903
3.2681722849490953	1.0362693623970478	1.9142160640215249	2.428703790649258	2.6120343280421494	2.102271459537608	1.4156321929295337	0.8176532236787865	0.26978125553804755	0.009132715436392118	-2.6976445849690887	-2.7642869676252575	1.5804979900621663	2.0826191081287853	-0.13144059588154725	-1.5230823463597927	-1.5284048305938758	-0.6358225354486663
5.393764180001477	1.038554164065487	2.2122542270747316	2.8618387176600297	3.0579499506932546	2.24768022047452	1.286011885447747	0.5103905298050747	-0.0341772433614115	-0.19213083158584898	-4.329461010979614	-4.581530931070852	2.4483947759616562	3.4974925391980447	0.0038748098403192056	-2.30435317930039	-2.488865848268204	-1.3225902179491826
4.617385748826289	0.7039406357837026	1.6188844897160857	2.1115886863401365	2.246955762304597	1.5671189173365856	0.7984224621402355	0.1994633727279394	-0.16233586103306522	-0.22031698125993138	-3.6304140176809057	-3.93605352846236	2.0041910295763596	2.9815579999893917	0.07766174942512552	-1.8785682118138778	-2.083754607426077	-1.183760184927062
2.96132150324717	0.37179253049678873	0.9198083530735556	1.208232667696594	1.2806151996004018	0.8497496008307468	0.3797981549587473	0.023544406756115153	-0.16295450303231865	-0.1661990657789488	-2.3014366719199617	-2.5313549312072956	1.2511814596813813	1.9133323774849587	0.0852629920393091	-1.16340365390593	-1.3164090801765025	-0.7818351913172641
16.72145917716028	0.6759781839174945	1.958374353636581	2.4600585165320465	2.4272850902297423	0.6573555457293092	-0.9128733812299827	-1.853983610468164	-1.770907492133092	-1.1261315101987326	-7.95999400363583	-14.725511968403088	1.7827762969263832	7.376933186972093	1.648946378599117	-2.9936342397937357	-3.9629291054364395	-2.792380354446368
0.2788460160870495	-0.1313434789553582	-0.6679894886305893	-0.8971099699758477	-0.8447637119432583	-0.2702339968357365	0.2436336077653592	0.5901758689380049	0.586723812106468	0.4060668921500463	4.839933018684528	1.0111168282919631	-3.636599205051021	-3.726380617025393	-0.839033403973084	1.1092733148189367	1.5634637529171231	1.0803868666091256
-10.812327261652896	-0.6294573624595753	-1.7479032235497123	-2.14282418038948	-1.9992618905869808	-0.32674682468079386	1.109624759440542	1.9601849263567153	1.8003600798037636	1.142340833210128	9.626638133760304	11.344232864316693	-3.7816034259448346	-8.108874104842826	-2.2460439161937065	2.364716054969007	3.442754383963079	2.447494054820202
-5.682720393644176	-0.5487374802413573	-0.6586518623260192	-0.5961309116045351	-0.4423887091953748	0.20915202991623286	0.7114768548250625	0.945353754236028	0.7825541931758576	0.45541901713890914	3.411454115254379	6.751340071725828	0.4160572392849679	-2.6711106535021925	-1.4692117664001265	-0.1133670728204762	0.2891090472992505	0.21752511703140803
5.933840621089545	-0.0957162179108453	1.0938078565346185	1.6796293417496981	1.7743492382783237	0.7685864802328835	-0.19312182089428515	-0.8598899894366003	-0.9322762857807808	-0.651854386363018	-5.550786033482001	-4.019164975738733	4.534302953894061	5.296500910895365	0.25622827365298967	-3.1259617633406425	-3.759784960680774	-2.6560298582893185
9.450735896017141	-0.015404709023006733	1.1492181254431268	1.6253386903587348	1.5795049196847495	0.16987656848273228	-1.0467592814658953	-1.7855272366565154	-1.616354394799388	-1.0237318193290805	-7.550703568831278	-7.82480359008485	4.597872708241509	7.21728711715844	1.3425533444829751	-2.9728766935152913	-3.956441892403469	-2.920842812905169
7.180719507662503	-0.10227529165143073	0.4300895108434239	0.5566003811363659	0.40122298211291146	-0.6195698525493601	-1.3994139349977355	-1.7921193454043098	-1.4477894297907847	-0.8524567194102239	-5.342207719716677	-6.332142361482709	2.8026973453088244	5.369244828146604	1.6198326913253194	-1.3667031595213588	-2.1980815870714747	-1.7772016073547232
1.7795557845858827	-0.20418628818314935	-0.545554882154855	-0.8375142309216174	-1.0521103229103441	-1.2614459608305608	-1.2679752287578305	-1.1361054719944732	-0.7264050007965198	-0.35007151334782083	-0.8992527016128901	-1.897573824963809	0.10140782770785672	1.4531539843764714	1.3112691144907525	0.8442922441534217	0.47425445875166455	0.07803895052124359
