TE	0	1	2	3	4	5	6	7	8	9	10	11	12	13	14	15	16	17
0	0	0.012403342763209486	0.014048300254822755	0.029641660541368256	0.021372899914024086	0.03215353952386782	0.057369536121593526	0.05607031565762598	0.02788395812315054	0.003748877453135043	0.5047827977782403	0.20813658017035436	0.10044501631151537	0.042701076442203785	0.02066786649636837	0.024338666031669617	0.021257567351365678	0.020055151852075157
1	0.3174192038355465	0	0.006024388635689189	0.009598450946366424	0.004733590467805954	0.009193846414500138	0.030956049048981048	0.030284815760790163	0.011097575573945662	0.0040250709203332275	0.35669792250346044	0.12233725786537915	0.0408431817810113	0.022839923188379088	0.01816160122431074	0.010645629799589156	0.01564601821984177	0.010117582445658234
2	0.32337437227739735	0.008398157003567434	0	0.005123874479880114	0.009444182675501032	0.01182129212009032	0.029871505920774893	0.02638347711078748	0.01194427772141547	0.010805972131419605	0.3335286437712464	0.1287098108768311	0.048363491817208226	0.017574420896093998	0.021618019005644033	0.013190238630710852	0.018809431053351706	0.020318785626722072
3	0.3192716092099587	0.007601124577657479	0.011138322155612262	0	0.010328806944878014	0.01728809323438498	0.026839632476483362	0.019465409354543023	0.008052810416324746	0.007518202973541467	0.30908527750647175	0.13304876543449423	0.061606071468895504	0.0352893380060485	0.017398877014103056	0.00970369831483127	0.01682798627067872	0.00676557966323011
4	0.2777133711488	0.005033915199285113	0.017661620868615363	0.011765093716843183	0	0.019672557978813086	0.029147601362425102	0.03309204937172424	0.013311593816491454	0.0021945709595900544	0.2978884352615119	0.12201785710030277	0.03482213419794391	0.02713781787162798	0.016460123617034948	0.011399158753415739	0.021719981803540987	0.01383824200110691
5	0.2551413463116797	0.01172285230622259	0.010062194078636564	0.006482057599791905	0.016600364926909653	0	0.04410418892527152	0.04262993841729537	0.020346691688071836	0.008709406037621355	0.2856026433451585	0.1334206349829076	0.04921832100837826	0.03600183981909426	0.019943459125739135	0.0196610531028972	0.014516427613367121	0.007334798318048702
6	0.23388549756314592	0.008632486827328709	0.011396087551329826	0.01517558732091802	0.014262258379144861	0.019953675825523407	0	0.03249746166154676	0.02107404652753489	0.011980058798329253	0.26346988026850876	0.13520302101194498	0.04352688760002065	0.039166564706300824	0.021805939650115295	0.014124322247660965	0.015754543482458975	0.021394505093422323
7	0.18457276334121778	0.00842083945695844	0.017225409274339784	0.007266665859196757	0.012488668682108904	0.016865995818489545	0.04520936470370934	0	0.034973438109337444	0.012052259727976739	0.18748557808417113	0.10582240835987514	0.06478194423569386	0.03441818251947679	0.006591234256126626	0.026206752504900555	0.015021582930961973	0.009528581419144606
8	0.12625879843838278	0.004984900261809646	0.011416950287235435	0.014494513607909692	0.01511142088211853	0.025822112596800992	0.03277530891751554	0.04435853323553353	0	0.020526926511957633	0.1306608593433352	0.07215088623414709	0.049645819653649226	0.028747156542412694	0.008583711886954516	0.02668537441069452	0.011318653009389643	0.016580061057062688
9	0.055607118438605545	0.01440538733026071	0.014830383703259153	0.009081128480500238	0.009711266391579147	0.022369788326823053	0.020814559084964955	0.023643295098560328	0.017749807759945505	0	0.0771437475633212	0.0471825721812464	0.03361571193497088	0.02312110577209846	0.022296910261642544	0.0246011900842454	0.006543094523902977	0.020015440808725783
10	0.49764300671041783	0.015149276208301239	0.021356751896428022	0.011129503156665253	0.02581693401494544	0.025501965261301683	0.06638002659309226	0.06276234300762429	0.03180531343530784	0.009151630283916714	0	0.1946054351549827	0.06670036860468456	0.041821030035093354	0.018273465711827242	0.0331325915735838	0.022362287370932845	0.016432118268502695
11	0.37010314534430855	0.008401331776292011	-0.004149079797752267	0.00945533403493368	0.0027869160289601866	0.0198013911448915	0.03153563225392207	0.04474310169814813	0.01583759097930046	0.004887278396795726	0.38740006421207746	0	0.0491630943618054	0.001057769407977457	0.0133918050587703	0.01089194305492277	0.021006181840365536	0.015160462856879933
12	0.38185632589034546	0.002100746965814647	0.006905370603349673	-0.0010660475219158938	0.0009167507401509605	0.014544131451052926	0.018678230797746647	0.028803110443270774	0.019517543413035025	0.003098995359200733	0.4072448235734429	0.10551887308434653	0	0.015652543277050162	0.013842147985413661	0.014705234985129602	0.005231890140924886	-0.0013991580682401587
13	0.36453832550864684	0.005816564993755357	0.005283027945528546	0.006887512711404903	0.009852415416566833	0.00767247886213069	0.03610367032459163	0.027674706757399362	0.016321249183072623	0.005700101016626851	0.35890764771804307	0.14908524654603597	0.048141543567646904	0	0.01856466333026659	0.008331329394834878	0.015144377517698322	0.003715840428894988
14	0.36320396473487687	0.002809510719378486	0.00011250922260102452	0.0006067833647257266	0.013367140907787515	0.011196991497409041	0.028272786141856316	0.023120736038691806	0.011065712433321785	0.003981900957105451	0.33481683833839615	0.1309054786433815	0.0524497476340766	0.0299269273031581	0	0.008461871704287145	0.0036065556394013145	0.007714340912184245
15	0.34291526055732735	0.003164324145665253	0.0018335350186694458	0.004654245559913901	0.006905996706210471	0.02012401648734362	0.01617775041673316	0.01735948987766859	0.014010280089815775	0.0036617247951989586	0.34026576395813596	0.13054385321901757	0.053346029095016824	0.02400734822620071	0.01586259103664698	0	0.008218939219495389	0.004791948996526582
16	0.3371932549781946	0.0048699954133119994	0.0034991106000065047	0.009162377570480057	0.008920481638082858	0.017841352293591448	0.022455861916098708	0.023217835860380932	0.017910064900518503	0.0061476137604300676	0.3209897415704631	0.1325155475966438	0.03806051022888031	0.02081020149753327	0.016384414164340104	0.010516553384081726	0	0.01013740923539002
17	0.3502428556287967	0.011847525757227622	0.010094198370042542	0.01087940908749999	0.0033675179980819274	0.011773686522559003	0.024937496551499183	0.029378703907847387	0.008654868725535376	0.007301159631698377	0.33844801651479856	0.12523627935601422	0.044753017641361637	0.02474573257926166	0.013441181678010127	0.013819499357554799	0.01638902901235279	0