TE	0	1	2	3	4	5	6	7	8	9	10	11	12	13	14	15	16	17
0	0	0.016208470384429508	0.007664367312026844	0.009819672641087985	0.003259011249996139	0.01871076652807157	0.02517934969756849	0.038707113545377335	0.0381806365989001	0.03537485017422616	0.08006584256107908	0.0357119264645292	0.013711249236995873	0.014259121602282097	0.0115482621024666	0.009284561380014222	0.01052387651910823	0.00660950825690374
1	0.05020870245731119	0	0.007002015741390431	0.013690275310736015	0.01256775466700316	0.0049917673386168345	0.03086143362294276	0.031641961176575556	0.015968640367351204	0.01763103129552957	0.03758529382485914	0.01658712906673132	0.01332638819230778	0.010524005436519303	0.010020723857150195	0.019384361249745942	0.023249088357054564	0.023093789258719386
2	0.04765277425682561	0.018453693103306433	0	0.013267234482240273	0.013676902032492205	0.010702052203158095	0.03555086700930496	0.01867291746986576	0.02110363012376025	0.01766548730585905	0.034307265609122686	0.010750785683118765	0.017188525565808424	0.007416978601062678	0.00939062004426519	0.013826808021039784	0.018199415252402974	0.01419113203522715
3	0.044848744045184664	0.012121911131087635	0.026709374456363566	0	0.019936891313958878	0.015200250323198255	0.04370979830006705	0.03345876349375078	0.023533631069789052	0.023750166285667795	0.032549304977730516	0.014992749332511032	0.01686664315617709	0.016727956641096074	0.012169113437271055	0.01179213090866996	0.010278834905709359	0.010922163362541674
4	0.04608872393201651	0.0070716879641702065	0.02443031591903136	0.01765089678619289	0	0.019256288567162577	0.05499405694506209	0.03260796468099941	0.037461952139535175	0.019328556284438213	0.026168914421717326	0.012367972252926704	0.00541225103182938	0.015694903809334217	0.007998473489572855	0.007723517433013614	0.01447563682127287	0.010811129381669829
5	0.043517911364795756	0.004693152676478767	0.012823408221349645	0.009186285972066404	0.01749579992605599	0	0.092208933988516	0.03945114977781999	0.04466496082982904	0.024284147533586296	0.037311564894255765	0.013196910585893534	0.010641357170005009	0.00904255809020179	0.008531613755162617	0.013651258039891862	0.01822674406908139	0.01165468614957762
6	0.06217027029230139	0.0038183582138005727	0.008725370049755982	0.006321237734567556	0.011317132225842259	0.017760661591749143	0	0.04564931070548665	0.04845729078188261	0.04378323236084289	0.047360912062125955	0.008926791031746895	0.00921685702529642	0.012112819294744304	0.009310313678543455	0.006410325406794876	0.01347124233372786	0.004661656729005526
7	0.052243384904921614	0.0041967729786164705	0.012345054452604474	0.00520854268002427	0.00929992070852788	0.01229692167623895	0.03898785396915703	0	0.08897206888505892	0.049708254269972586	0.033649994776524694	0.005323963077394415	0.00790370570474825	0.014465346890305247	0.003622869612483591	0.010283574028506109	0.011801229879249453	0.0017726455346425431
8	0.049516462259687165	0.0013676916880838229	0.008047960970157437	0.007006543402155644	0.009021509567174214	0.011211347231527892	0.028520609370499606	0.02726928904549089	0	0.07277226017217563	0.05089879696022265	0.020969136559598967	0.016401524701507755	0.005294891003732805	0.008085911814617843	0.012939381790629386	0.005739436409507777	0.00864801256924465
9	0.052107618152876345	0.007397996122453818	0.007141744313388228	0.004215167617589181	0.001525890112041962	0.015314638306411598	0.01952852174068188	0.016725151998329114	0.034646212547991044	0	0.042809186193771324	0.02200695362125396	0.018006180701727183	0.012750992388833307	0.012175667002073546	0.01399404655527924	0.0034144974964541498	0.00891748034937876
10	0.10109715421246536	0.002560539822114732	0.00983777114189558	0.003930715175529254	0.006096134257805925	0.019197864856889253	0.04311161393103891	0.032926706459432124	0.050033233576910405	0.03020264559593389	0	0.023515986816195145	0.021332054797610044	0.015722379247579254	0.008244313656383156	0.012345431077456274	0.0074551720581498655	0.005282470753025295
11	0.0812208747786424	0.008495619317223358	-0.0033792572426594317	0.005268735219290976	0.00417141538767752	0.016017968977917994	0.023338598532183195	0.024280419295355397	0.02733214430674755	0.03684718333426947	0.0863283915098564	0	0.008894145632838961	0.004758408126019588	0.004836628396296114	0.004461676641223354	0.011269891286839494	0.009254683408241529
12	0.046779962116390676	0.0025256810090842317	0.0022474506263461206	0.005861748369652244	0.002274385563922256	0.00697115719106017	0.020217386628855152	0.01647140805569376	0.01579078181824366	0.022125816796159204	0.05909277246748639	0.026150425011550023	0	0.009702045341110405	0.008473938218570188	0.010140725023624342	0.005111484785645109	0.004648794146507046
13	0.06923831243797057	0.0012905915668690636	0.005211384270378849	0.0022076591993467234	0.004612159060394992	0.014255425562508089	0.019382641145211668	0.01031303447166738	0.022034377195234937	0.021127442442376822	0.04233314569631062	0.026706073350724394	0.04313975173282277	0	0.01848313707153021	0.007228060501497469	0.015099655113436323	0.0026551139831530097
14	0.05568614913434479	0.0017774897416861092	0.002403080954630572	0.0033884853762941635	0.005037389955468235	0.008341602889311631	0.023285476177808385	0.01834235310070604	0.0312778050142325	0.022769751351387504	0.053427019183320046	0.019848799782810775	0.02254786784972383	0.037724934923807095	0	0.017175657461476444	0.005478994692750303	0.005121440597042563
15	0.05493591257981425	0.006360309956403422	-0.0004158756076421512	0.005491488258758169	0.004692762668792587	0.012862980458515827	0.014927287938323259	0.01262880269809246	0.01590391683215297	0.022191936278562915	0.044687625877248054	0.013058812231634217	0.02268685403322714	0.02721808446542235	0.03532062710710117	0	0.011452327309541044	0.005971328298958704
16	0.04289511445957152	0.0033429070635667426	0.0047029614720099505	0.005199489746811548	0.004874436581604879	0.011509609100024484	0.027690188646536426	0.013796450270071524	0.017133728503005326	0.011535728252049812	0.05392898748320772	0.012611181347822138	0.01339156028356515	0.0204445377048498	0.024463491053511383	0.03727198524043314	0	0.01185992758686969
17	0.0339028849639367	0.013216852553257784	0.007691660768567122	0.006671012267078796	0.010228717964429654	0.012719807699974417	0.022596970419178523	0.02055308401609412	0.015479948414965297	0.0196011847055709	0.036432298734573744	0.015183734934541539	0.011421404390815503	0.014425568603801548	0.015685106204536784	0.019836846467398767	0.024720048995048188	0