3.0263977147905567	0.48497425164441377	0.15541703865329365	-0.0930759343793382	-0.19089814920545095	-0.6108135551096262	-0.2586109565685343	0.48280623122890526	0.3168531731827071	0.5071132597385966	-0.963261773009206	-3.3404691340585204	0.27546877410170556	1.3308500887870318	0.486180841237699	-0.5265778843519355	-0.9845296948716258	0.32287632058201143
-4.05633542966624	-1.194513066857568	-0.7061932389766492	-0.7040729947785523	-0.5964044836777406	-0.09415074224124904	-1.0030945805047116	-2.183315624021493	-1.5555320314038807	-1.5449205473271128	3.1117246612062615	4.313503284900441	-2.754844914988099	-2.815774670572246	0.39653843317799975	2.9599589932582675	3.2138487163135814	-0.2504296617628449
-6.204126437414891	-1.2512521577422901	-0.3256320806877026	-0.47749645060348267	0.001200716432399491	0.4747305272679277	-0.8788715843757654	-2.1812144259865547	-1.6162082503887605	-1.7473976678223917	4.110462422418534	6.966530295371129	-3.370302490902535	-4.312035436841891	-0.29092659276854066	3.437187148497387	3.850773939532686	-0.10585166540974379
-5.376512322792306	-0.6220099113348357	0.6457373736847878	-0.21084430888448866	1.0321072619008496	0.6173962095460322	-0.8394502715728902	-0.7200686817707866	-0.7526544445041213	-0.8639376413236399	3.2149608980227473	6.170615964950761	-2.5586287339902563	-3.6423848705118336	-0.574131996199741	2.8231636270774403	2.3383066653440845	0.4325667963319318
-2.524643075922384	0.4700470177191133	0.791745414585114	0.9303713641803252	0.9962441970308429	1.2689564996709546	0.8582567252253968	0.11606683878094848	0.07618773782904652	-0.258164602139074	1.1051168872547237	3.080829570372164	-0.697764474131153	-1.7259040792246578	-0.6902073786660313	0.6850039578392962	1.4439512444889708	0.5635431004373793
1.7559613194102317	1.6801562708837703	1.6319146211269033	1.3405358670214058	1.5467250377025152	0.9582941693799983	1.2072433020478948	2.0675509934051237	1.385333907086938	1.181559735147966	-1.588175946817764	-1.7269669126153173	1.3272739696763183	1.1296300607403569	-0.36165137342097187	-1.1498840642512786	-1.232859840995871	1.1909778134004485
4.2446512931224705	2.1965525445135836	1.572098377675538	1.7353507166351796	1.3391942731939936	0.9788374791553677	1.8900912028281487	2.577388348689728	1.863092806465013	1.6338209995284434	-3.072897045179087	-4.6095747440466806	2.4627339194802573	2.798788449096026	-0.06633633891217715	-2.3799333214059546	-2.134047376375573	1.1712136722494295
4.648471750378965	2.061129849906283	0.3898129840947008	2.36351342492224	0.11523780308454988	1.5843295229501253	3.3462785579708583	1.2807164428489264	1.3607462046463352	0.8485563961293445	-3.2457436625181484	-5.11600657034043	2.736141406062024	3.0038571017008913	-0.01646881996371788	-3.231531012118136	-0.7161405679237073	0.3956876256075559
4.572242527782376	1.775081485059014	0.407897680689719	1.8052212978580682	0.12286206996966079	1.0418666729330246	2.539827279943881	1.3514255657139855	1.2866884513989965	0.9503657342188858	-3.086441084575659	-5.082553386558221	2.534299772258357	2.9928733511865944	0.12432361376554928	-2.8502196198319703	-1.1740241332996122	0.3924278591454546
2.6029691754813857	0.9652815501814176	-0.08390078166132425	1.2376908335676484	-0.2301275641415056	0.8267699187257055	1.8991041236743897	0.4092395053475603	0.5949990191715551	0.3067089939744451	-1.7532504549961239	-2.907944369700873	1.491207453185015	1.6994148528274533	0.06375257838235554	-1.8371217114947207	-0.22488898127111198	-0.0020961280775193786
10.222586419913892	1.9029935221253003	1.1481579656116456	-0.33834582137183805	-0.06724492868555292	-2.1274959523186023	-1.2388586090520959	2.1853669412478935	1.3148648969063819	2.0206648360973154	-2.832679969494164	-10.548725735719835	0.7544124822272464	3.902753087637926	1.0902802735338513	-1.7894526913640474	-3.830065008664459	1.5185577110661006
9.136060546043968	1.084273561370616	0.10530732350398454	0.3742655804666262	-0.739808801036406	-0.7606249454604285	0.032290434465283915	-0.09508494370663083	0.03829229657232581	0.2855470808618881	1.2418854007417788	-7.220970192253132	-2.430809136472299	0.11972625795506414	-0.12454992380820265	-1.2477983704962978	-0.5612085070921556	0.5350230263226288
-6.987218857830889	-2.1030648709066297	-0.6849009542934075	0.1723003332323075	0.5860189238808934	2.051415598087007	0.51110211980313	-2.3412086675988633	-1.6040190352410546	-2.208064877349532	7.025393647862981	11.007592845139223	-4.181888754090334	-7.095549176350292	-2.670460825641264	1.943145820372175	3.7595797105418036	-1.4639802252270606
-8.977593055227448	-2.075845461650522	-0.07331832633488675	-0.3108230576528806	1.4300583180659843	1.6796107138124041	-0.07115498806650437	-0.6969985471662091	-0.6834620883228674	-1.1481131893937457	4.652609045423722	12.08947210504672	-1.151297239901958	-5.037411148999447	-2.378376150341658	1.496552095176285	1.4875863040028166	-1.2877834503145478
-0.7487658726772558	-0.2936813630546417	0.427771261492417	-0.5448992029840862	0.858924009740488	-0.27898074374876686	-0.514238892294138	1.6248851892889151	0.9130287633899536	1.0268229679209955	-1.1021863443916968	1.5777489729662324	2.7682483423781648	1.5132022275224744	-0.2993573311413	-0.989254304316279	-2.7193300075856985	-0.2745816267997576
6.415853424375597	1.058754211686056	0.2909427648420965	-0.5284661836244039	-0.33241427815246877	-1.7252074933438328	-0.5646097023659689	2.2836770847263073	1.518067391231905	2.0241753998671292	-4.659492703789805	-7.338053719147693	4.404873239360616	5.848094413505189	1.5113576745082329	-2.4896767077689073	-4.442986916996128	0.4208150879752852
7.936109720009095	1.167596087326315	0.39778186752505096	-0.985730971156354	-0.5867411743383707	-2.520855016212797	-1.5118998662606642	2.04740155081738	1.2517981333487576	2.0177386660403602	-4.459784474897661	-9.473886502337509	3.181940380551725	6.002282452190058	2.2957808785516067	-1.5183682409629367	-4.220042600143624	0.8776729455185495
1.1304037126254192	-0.32827662285798714	-0.9734081988453135	-0.5016853655228793	-1.377991188917186	-0.8013043531979599	-0.4665864517742018	-1.3577899182558677	-0.8070331302748468	-0.6316432137460238	0.07660543075415252	-1.733390150538289	-0.4374807421247791	0.8269494041577102	1.3418411283780314	0.8825757391019696	1.2307750763897773	-0.19528063674547863
