1.0007912044218752	-2.1588403838999177	0.6656080552606548	-1.6801987156408122	-1.056034326748262	-1.1061564009663605	0.410067550592395	0.3878817641470962	-0.6866353757089955	-1.1313193538856001
-0.6016034166820681	2.607584296831218	-0.6056192208893738	1.4411539030532887	0.8943322023983161	0.9822293662595566	-0.7529716430313307	-0.7172020300531691	0.5391124213051697	1.2456049774917266
0.8544771918754784	-3.42438718931345	1.0229226622571788	-1.430978926391355	-0.9503815007704567	-1.083415542000747	1.168409378093259	1.1174991929000182	-0.47891236228534956	-1.5239230541642352
1.997113027652536	-1.9839844981736041	1.3807388371172185	-1.5356734645318666	-1.1192672530639582	-1.1583369814406514	0.33823167263574055	0.3237470858908789	-0.6155615863283388	-0.9977083252182474
2.088961921526696	-0.06294390557319314	0.8386891173390828	-1.6796195482322067	-1.1436414681968665	-1.0669941482912244	-0.714594802500883	-0.6884315164207717	-0.81407353470252	-0.34945445981458817
2.111085784585072	0.2050368336365431	0.7809551845935513	-1.671121291116217	-1.1339346172133424	-1.0421998493879698	-0.8505419091011105	-0.8189230719444758	-0.8275015685452104	-0.25188349014369027
-0.001777349778393281	-2.5156375636460697	0.6136262660583415	-0.2686737589844707	-0.21537900571511806	-0.34818313478272994	1.1932830530383203	1.1449946492830472	0.0336924945237689	-0.9538338375525068
0.04227961577856037	-2.425855628507403	0.6064648344083686	-0.3008923246226459	-0.23497128727951433	-0.361092930061358	1.1324100898064975	1.086483539656869	0.012037227144590976	-0.9282343274320718
-1.9493741236719389	-2.5013701319843062	0.1168823146178275	1.9873073901085754	1.1970752151067614	0.9632034211154009	2.155541468014004	2.0754868031269407	1.1395562078744097	-0.47833170946374365
-1.808825920840503	-0.5618034400101184	-0.2946340198061733	2.1000771018312996	1.29590790816866	1.1690871977865416	1.192669155356019	1.1515087454051531	1.067780888641535	0.23946763659054565
