0.5671729910939759	-1.449548776189246	0.14371326521772607	-0.7170881314022194	0.10771171097962326	0.11834281036414326	-0.06667143312143704	-0.052073797778111934	-1.6885350997059498	-1.6740753891438382
-0.15762591753788205	0.9350515403187533	0.11173540315739555	0.6302019635531573	0.00021552639722717954	-0.010283491237285522	0.08855278553024992	0.07960692988630984	1.1393129443129548	1.1026769142542305
0.5119075307721059	-1.156628942036279	0.17293688608368005	-0.5244061319713638	0.10580898730485652	0.11325403656468286	-0.04021837715398133	-0.028436475980000656	-1.3330433870525018	-1.3292885149206195
0.32895740748161173	-0.4098184382706219	0.20616172712151634	-0.06700580720721445	0.08688431093917069	0.08694167480882936	0.018027853163650714	0.022535913492949162	-0.43681998992392	-0.45484317270171065
0.18090180541296796	-0.4321884089541586	0.05443057662466736	-0.20430568823829837	0.03606309912112149	0.03902651531367018	-0.017298094210717603	-0.012919096724895131	-0.5006048122590957	-0.4978406834045584
0.17321859094039727	-0.4200965572559814	0.05033360999632958	-0.20070026575392122	0.034176571307093354	0.03710292377514137	-0.01738758707205766	-0.013137030741612791	-0.4872296011605304	-0.484198965433099
0.10331225307499833	-0.19401584581523182	0.046134377116232604	-0.0739228030465471	0.023587001746122997	0.024530830145520478	-0.002931078023903663	-0.0009153351303811979	-0.2194112722744078	-0.2210690081055046
0.10604188990910719	-0.20588105074668905	0.045432689415911914	-0.08133243019676521	0.023828417274655466	0.024892715884024183	-0.0038952079787998024	-0.0017642995420805465	-0.23369292070361328	-0.23498143224809317
-0.061995290543340624	0.8284876765063262	0.17525179151435943	0.6209035359007263	0.02618583876709399	0.01552525192622018	0.0954480091411129	0.08769717761901173	1.028156190253421	0.9855100542528293
-0.12671489692999088	0.9612769415283028	0.14955691736206134	0.6763200855564203	0.012047104765316426	0.0006357980971510877	0.09876421190752975	0.08964729112994738	1.179767825180826	1.1374707619626987
