0.8660181541995468	-1.661723054920467	0.7348131248795322	-1.220525706070793	-1.1860838289719382	-0.9657016175669585	-0.06797102962256805	0.15583879115475563	-0.783715430946123	-0.9799288384387995
-0.5476601470347625	2.1437664970957666	-0.7357284712360472	1.0046152241254307	1.1976377087650887	0.9357720143253183	-0.18127005199193863	-0.4578002493491108	0.6372518504216909	1.1116199538252591
0.07160225893043032	-4.073163077094061	1.2395424313272712	-0.36422457678445136	-1.429376725028439	-0.9875732089321547	1.0229880157152278	1.5199103183407485	-0.268612257697202	-1.723620338307897
1.7424555650795073	-2.6437331023834227	1.7891113903856293	-1.0568293481902986	-1.5620249673336006	-1.219634095799335	0.21233461118427968	0.5747310174173446	-0.728471910562427	-1.3090920850440815
2.8292911283743063	1.5797523990799034	0.8457846302638865	-2.107009387256086	-0.8925759124766582	-0.9533093769002242	-1.49806465022951	-1.6213920261863122	-1.347103426707616	0.11226960512240403
2.3586626143756764	0.974222937578232	0.8172621819338838	-1.7551098536343805	-0.8496956008619905	-0.8638503127914332	-1.1496777964519234	-1.2108283223661702	-1.1258465284360768	-0.042559114903064764
0.3742333401352553	-1.8340242253839278	0.7893762545646887	-0.24704557306581656	-0.7373611654327175	-0.528417501317901	0.4022450074870312	0.6342137680598653	-0.18106252090407576	-0.7903365795227659
-0.05090515703030806	-2.508087651421339	0.8028865227529298	0.06529488096236025	-0.7404574182004268	-0.4757889002906483	0.7513511591637624	1.0549549723152234	0.014177750760611878	-0.9822921730339972
-2.0385201314453107	-3.797418421290575	0.5077272737202735	2.180809821035724	0.11354073631884466	0.42651895945363644	2.104296626763617	2.513651014619326	1.3320047505551502	-0.9646028905785755
-1.9570695445957202	-1.5845446449032454	-0.1781368504556973	2.1092463770877314	0.7550003313668054	0.835546217049671	1.4330822924341653	1.575375830421242	1.3095312328071809	-0.10120428184934611
