0.8365382950211518	-0.02106185758415587	0.024359055785922016	0.012666990357572261	-0.01241869361597721	-0.06656520833455544	-0.11932751812568419	-0.13800645495039054	-0.12334983468738109	-0.05200358706951206	0.05023524675300227	-0.8399389126919292	-0.2830847442147494	0.1371051753096272	0.1698678153016392	0.011823457502824054	-0.07259887238249876	-0.07001524709799818
-0.6473897203765179	0.3425472168871495	-0.4539806482389439	-1.1594588274111601	-1.5334738383111504	-1.539183540910874	-1.2586289369867414	-0.881180951409299	-0.45883678459220084	-0.15309817961905497	0.4297135317136345	0.7442848381200717	-0.6064586465743602	-0.649503491047299	0.3801716801363616	1.3887137560172589	1.5888589902006014	1.1455975324846002
-4.087442920920672	0.8437448365363105	-0.48203752499400077	-1.3733728861906702	-1.7385344045367344	-1.4403965526085487	-0.7804377015794727	-0.19969343962213557	0.22475951782006665	0.16734306998067203	1.1273437132868191	5.071440746572981	-0.46011053073948044	-2.7237344638973826	-1.0772097023726932	1.6237457565733031	2.6573818310256994	2.1631508505242656
-5.044448351182766	1.1074388629747636	-0.0859003857899458	-0.7656053829946928	-0.9848868897695655	-0.5904257451861353	0.06789402213236403	0.5321991547707322	0.7400828722493404	0.3794150522560843	1.2367941314719968	6.309798334044604	-0.2444792401175448	-3.253427412298793	-1.7120700264469262	1.2866442866873558	2.5936615828759018	2.2819611163910976
-3.96891774445247	1.07477489521803	0.4567918391227915	0.21471082914747192	0.19701726775569744	0.507179917423589	0.888805078299523	1.0449048230634816	0.9526809060995224	0.4370423140527658	0.8349145804623282	4.948785844903113	0.04563524261228572	-2.4108896031654377	-1.5092950392895799	0.6331513416589364	1.693556158341036	1.668493636183802
-1.1851808630709506	0.8167945324435459	1.0231654217394692	1.301560806117787	1.4773112787017668	1.55556935910875	1.4782570648722708	1.2292835993488593	0.8367086759088888	0.34154245742836414	0.11926520782718399	1.4578972232801761	0.19942379488584736	-0.6174775070959059	-0.6228818716985298	-0.12641597941320518	0.2982429824519694	0.5854987891101081
1.8708655279743585	0.4552486324720092	1.4031119081760197	2.102428519553974	2.410151426732004	2.231513217454338	1.7165809001389676	1.1252656571658428	0.5284259204337793	0.16923240438616657	-0.5965210852824111	-2.370920902771141	0.24304327677349857	1.2786765810796634	0.4446885859669189	-0.7476431515383873	-1.0333495760840425	-0.5138556559720046
3.723415706653581	0.14974819510257636	1.4591674122849942	2.334144606087683	2.680377882911048	2.3478145836680753	1.6080745837311134	0.8715977887436507	0.2276085757746594	0.02162488193100494	-0.9985312197695508	-4.69097077403622	0.21380036760241614	2.394770033633994	1.131866518792748	-1.0389929806927356	-1.7722082868198148	-1.1753765976668895
4.073371107738013	-0.060191550001518164	1.1785514536007702	1.9624116152458329	2.251728573288146	1.894994142590753	1.1791533800570404	0.5164554498894309	-0.01259398889259319	-0.07571730503433069	-1.0175294103926364	-5.112583285269011	0.12812120775704489	2.550663326645151	1.315736925418612	-0.9724551376302549	-1.8185723133244651	-1.3081125144574013
2.165492622718639	-0.07261259907964952	0.5463617280421227	0.926746678892459	1.0613669491964484	0.8718944178584397	0.5092211744993789	0.1852312413357511	-0.060670577932207835	-0.06089421980850466	-0.5315748992858815	-2.724446858094196	0.045536344569940684	1.3478682180514534	0.7230759288991404	-0.4767879213418813	-0.9367116969098136	-0.6948174187756367
9.795076672437514	-0.3958454929088546	0.8386303710579109	1.2718267255038618	1.2529763225776442	0.5458112715330592	-0.3840105666846689	-0.9695440583427593	-1.161910246291624	-0.5407709383359202	-0.3930548467931963	-10.614041338152502	-2.059670420730491	3.1864663396533195	2.489247677838365	-0.5895719548660316	-1.9899005664481824	-1.6576418454158177
9.254849074556347	0.013151915353138623	0.617655265855633	0.6897071120012843	0.5617028529585952	0.08875420337802734	-0.46265864921370614	-0.7592554555771931	-0.8044928444416399	-0.33000194103975966	1.485111426868674	-7.824158309854897	-3.2802159731085405	0.4487658481064376	0.8381267625250959	-0.3879958557434801	-0.9058588265767251	-0.6579065866739959
-7.082843899416551	0.6132548966213617	-0.9376063536817123	-1.5427833485746603	-1.5609147053817165	-0.6936883639091798	0.4571648853797049	1.2069124596715872	1.4566204767503568	0.7308345389481077	3.3204011702702023	11.692125690770238	-0.015228063810969774	-6.100111345075716	-4.417539129736693	0.13207412843145133	2.348253102086584	2.1242008444952383
-9.77185394098592	0.17430809469452963	-1.076611901764409	-1.3160682924149003	-1.1087360979309095	-0.14554400239454215	0.9803172270334785	1.6212659683177697	1.7166058555591182	0.801654713941289	2.1866937786649	13.565130600529772	2.1714870831397204	-4.810919012107497	-4.186273972177184	-0.3622019976243277	1.5768383936250878	1.427720966643799
-2.3165033400366086	-0.6805447994897282	-0.3977443269414456	0.04548565288447959	0.3514843573215002	0.5675854382731863	0.6468319156940675	0.5930401307205053	0.43538033442161017	0.16043576406749335	-0.08992958446950525	3.261398767333201	2.2919177877846226	0.5887126932273062	-0.5513100767346036	-1.0002186422983608	-1.0693451665778224	-0.93055524549294
5.9165125024059435	-1.2005428717106588	0.2729281178326843	1.0721526206109109	1.2979956275117877	0.7461945510494721	-0.12322887930388464	-0.7320383066656526	-0.9913093447621243	-0.5135862476340385	-1.744714934597625	-7.451544339609908	1.236830378148747	5.051323669955397	2.9169308847191253	-1.1055756129362448	-2.934009044542172	-2.6312220564814144
7.606276103016425	-1.0104222831645453	0.2987472570509137	0.7996896442056342	0.8101042407809492	0.08938763288971942	-0.8433858363747089	-1.3890193936769777	-1.475952562672967	-0.7079149007261485	-1.7801754001099808	-9.67688960355243	0.21770893163772548	5.28174433134613	3.653451090108047	-0.4327455963136599	-2.4285884557284856	-2.282897066103824
4.305092241288843	-0.38849652568369014	-0.08496410186332207	-0.21526433438006312	-0.4382037109459982	-0.8768797850410219	-1.2691007553464069	-1.3686567194202268	-1.1654705911220105	-0.5168781796154994	-0.7825229400077545	-5.512228564728683	-0.3927836577894135	2.674609079048879	2.3701962613954537	0.5608097253061468	-0.4964471400013989	-0.6691708054505646
