-0.04470883139743144	-0.054370573069831285	-0.06602829691956735	-0.07108217147980132	-0.07032499084000012	-0.06568114249866897	-0.0563636662013488	-0.04105544887162319	-0.026661811431122277	-0.012544184384940836	-0.0328390365559921	0.009076320391375601	0.03662397934575596	0.0404578773395656	0.03452944007734598	0.016169752570218448	-0.008807395650198254	-0.03523208940991222
-1.198643628084753	-0.1684992622480032	-0.3532910083880266	-0.4668118741165175	-0.5129534067690876	-0.502199589256531	-0.4409156047765202	-0.3229258151770637	-0.2100741583832468	-0.10227350335803306	-0.8826923467557012	0.1580039278192179	0.858336383891387	1.117397677684009	1.1261888436048104	0.9108107379221185	0.5466446855485165	0.13934291450339165
-0.9554448199363289	0.14901252786183994	0.049737867401203104	-0.01770356253669653	-0.05511823452454892	-0.06371068569554772	-0.05895723343807113	-0.041262025121128566	-0.024383089143010652	-0.013843270903268147	-0.7111785753820773	0.06993936567148855	0.5951448342777588	0.8264806913682136	0.8657176153657413	0.7623396612858407	0.5585438872853453	0.3248952594383995
-0.4443261202431437	0.5208467338935329	0.5406117833345189	0.537165356955362	0.5125975009818775	0.47829611091924423	0.4119712557381624	0.3045131484605371	0.20221500095833103	0.09424959438016647	-0.3359663296672431	-0.025642204737074296	0.1834805183457736	0.3356118116876707	0.40495202901211635	0.4579809092012266	0.4866199139195381	0.5063643175020082
0.16348271355372612	0.8647133513641955	1.006544778830889	1.0688515868671933	1.0581388528771802	0.9984338467182758	0.8633502101503059	0.6351586216391696	0.4181794238639889	0.1973924814770036	0.11468194604708308	-0.11157939538783403	-0.2621979653704858	-0.2115480219966435	-0.1176652165563221	0.09559223159588583	0.36678274722132487	0.6518338846365755
0.6915690734352691	1.1077734319370158	1.3448472821174209	1.4586116304239745	1.4592649200290582	1.3804809808873364	1.1945521667778642	0.8772515160167997	0.575817661200335	0.272771709239513	0.5085955724423459	-0.17121806606898707	-0.6256343518851243	-0.6673960415827214	-0.5585602698865053	-0.22051940111121604	0.24254289840568105	0.7380565543312807
0.8935373139641456	1.113645817060094	1.374079933048743	1.5018503124897413	1.5080310177751508	1.4276986866821348	1.2355995669378241	0.9067281884997528	0.5944454986020142	0.2819463851018367	0.660486602358134	-0.18177573897503924	-0.7450257873123495	-0.8305588412603251	-0.7258691398984807	-0.35986188320492823	0.1523023043348303	0.7029927462997351
0.8484641382807298	0.9155430255977028	1.141675158738601	1.2538591170772904	1.261725245836879	1.1948481004974272	1.034053223747708	0.7583827879264371	0.496736070092466	0.2357786203887702	0.6291008661236528	-0.1530255218318677	-0.6760929377120852	-0.7711070447992943	-0.6877696582320867	-0.3723272097349418	0.07460979896554266	0.5564690449549633
0.7196140156752634	0.6818783813773642	0.8592933500621959	0.9481261796381021	0.9559760508016257	0.9054510853534746	0.7835295046154835	0.5742831628415116	0.3757863680050072	0.1784947195372196	0.5350235481493217	-0.11595162441349535	-0.5512979852976128	-0.6409571164266538	-0.5809986359877176	-0.33505850405323706	0.01738016385144005	0.3982749597788136
0.4133743893758369	0.357608620234321	0.4543666272737303	0.5031408828218543	0.5080893716572288	0.4813057102854053	0.4164729704521589	0.30510785478842345	0.19950448576310473	0.09481423627289136	0.307853169512063	-0.06167674293705001	-0.3088039807664418	-0.36358736065285746	-0.3330104110992374	-0.1995012363813258	-0.006612112958645659	0.20221006548578868
0.542866589672921	0.07754754637359955	0.1270683923997612	0.15026516143280533	0.15157316878186325	0.137420044089045	0.11521855130708754	0.08078808478115451	0.049653229265316075	0.0237740454019607	0.422827945695467	0.0322795028911501	-0.22694648943803175	-0.32809626664788927	-0.3336182336419057	-0.26200392372466413	-0.1446416870256532	-0.014762580494703742
1.97704421104273	0.25343166249028465	0.4188690117064484	0.49192447655241134	0.48984654565181324	0.4362220876156153	0.3612386420450774	0.24968677624262745	0.15027749075807523	0.07162358116597234	1.5444311584367718	0.1427902875012696	-0.7852225648938891	-1.1513781850310643	-1.172665215756684	-0.9228606797238834	-0.5142936856906197	-0.06330268136594897
2.5957879080942203	0.21067740936721266	0.3949149265147753	0.47058020533704226	0.4608268872129291	0.39423779873576453	0.31676217495652575	0.21020639201349053	0.11857060851542636	0.05637345970965003	2.0385706381727644	0.24613368761528975	-0.938367520016897	-1.424053862865747	-1.4658431992121401	-1.1757637921509123	-0.6927468349121012	-0.1586570454846069
2.2649281029289403	0.03306476875159927	0.14458547668683588	0.17863037095554143	0.15666335242612184	0.10106175770165414	0.06080486379594358	0.02188185261790931	-0.005060731525785431	-0.0029062534607101837	1.7979316316689233	0.31354676107258733	-0.6634452004660362	-1.0893512276180553	-1.1434657649326143	-0.9438614060911144	-0.6004611512567193	-0.21992032236643608
1.3991604946407814	-0.27873989522223114	-0.29999993904148126	-0.33608968796763666	-0.37189518947400696	-0.3990992941796985	-0.37092560113268996	-0.29201346182434773	-0.20799705560753676	-0.09996292488396424	1.1441100047976356	0.3683738394831432	-0.13514653428236983	-0.4060075344110885	-0.4744591565860845	-0.45206656683352686	-0.3848390048188906	-0.3077611887417167
0.4075311326833167	-0.4883542998552345	-0.6285620704349218	-0.7262077081808613	-0.7734487954994851	-0.7747783395389441	-0.692515726912875	-0.5230057554081364	-0.35480401209862117	-0.17035867198130683	0.3861045989450608	0.3783959200578053	0.38663119895942943	0.3024779063884464	0.2345404149326734	0.0953884435518408	-0.09770354332331756	-0.308118460964883
-0.4757659894549034	-0.5313391606588734	-0.7438414956281815	-0.8768966464747159	-0.9292432610930833	-0.9136403792338911	-0.8070941215943588	-0.6008835085586969	-0.4003049967163601	-0.19243154055578912	-0.2989202172234346	0.3317181349571407	0.7637071763059973	0.8541110853688575	0.8032056900735238	0.5615795534378555	0.1930958557298195	-0.21265621318137717
-1.0996057273077975	-0.4289987533987503	-0.663549224247822	-0.8053974034950591	-0.8578573880005218	-0.836516021891843	-0.7345420562174754	-0.5418652533041948	-0.35653185490726225	-0.17190388695069367	-0.7904697000234148	0.25346666907646115	0.9585173914454352	1.1807849227551874	1.157157672102188	0.8798922212267706	0.43688250673926476	-0.05398461799755128
