0.3149168147963118	-0.36476642975293616	-0.3945700936447432	-0.39597173266320285	-0.3693674367343525	-0.33761969689275745	-0.2855278067481434	-0.2103207591411807	-0.1226196693120567	-0.05307554697869793	0.2816053924416246	0.1741414584035392	0.10186587419532987	0.006397976425441102	-0.0770826307808317	-0.166316595015817	-0.2560735740151067	-0.3169693518241321
0.024658430182831422	0.3746562691404515	0.3776577167442941	0.36114138908033216	0.3255152266189442	0.28981057956225553	0.2410956520332521	0.17666522136357082	0.10259964073992582	0.0453671924383733	0.042310194790973615	0.10353801572670125	0.14454753199138723	0.1972255326235572	0.24142176560769094	0.2859008303670075	0.33384716763622124	0.3569633061395054
7.381035205348014e-6	0.4085445614458206	0.41394957014099876	0.3973258788465857	0.35911824111191787	0.3204231331967111	0.26693202528913584	0.19568412131439492	0.11368262888231018	0.05017709553995863	0.02053476450297031	0.09109610671198239	0.13838069998051167	0.1993276425998007	0.250729832369906	0.3028749179395172	0.3585746350932873	0.386826519138282
-0.017239605108566182	0.41211507411660125	0.41893525301666706	0.40305589387477647	0.3649255821392937	0.3260456908114441	0.2718498088346591	0.1993442824831262	0.11583276073843314	0.05106882373011785	0.004287773286681228	0.07790088473433335	0.12724486912537136	0.19097270049914758	0.24488258064858945	0.2998206111043682	0.3581991704585089	0.388651531707937
-0.027054678913479173	0.3857745042894011	0.39302463481585304	0.3787233189783493	0.34329043577563995	0.30699267072321995	0.25611055481164524	0.1878373562823231	0.10916133777658975	0.048091595601163106	-0.006383819651913277	0.06406562028665942	0.11129772331699841	0.17237543221606935	0.22414258311434243	0.2770486188382167	0.3330833919187361	0.3628259325133238
-0.032191070785883895	0.3535334191878582	0.3607643445912104	0.3480398286238264	0.3157446352996443	0.28254624772703574	0.23581482808792836	0.17297522263406803	0.10053426183225242	0.04426672664859263	-0.012895814087905012	0.052710260127223296	0.09670099475624074	0.15363843552923573	0.2019620481188375	0.25144892791186974	0.3037407962337883	0.3318355159929715
-0.03108702558089428	0.299460813743101	0.3058887195936889	0.2953074217650367	0.2680428227805699	0.2399560687403024	0.2003196269127475	0.1469506647739034	0.08541378064830937	0.03759653856728597	-0.014561230772997367	0.04154973368820413	0.07917668312353462	0.12790349251558747	0.16929192156200612	0.21172743206911904	0.25650676152858015	0.2807370591504957
-0.023793771138875704	0.2206938284512486	0.22550108392221627	0.21774855205023094	0.1976764106065944	0.1769851557187944	0.14776210594163233	0.10839822013232271	0.06300669968205255	0.027730762143229733	-0.011572707459341407	0.029904172962747142	0.057718460035240136	0.09374386261126745	0.12435137204369055	0.15574483041434892	0.1888581777246165	0.2068152746723236
-0.014256864460975252	0.12871458194747615	0.13154841800882128	0.12704651776743867	0.11534895815299118	0.10328463832119761	0.08623574515404883	0.06326368884194133	0.03677266598908764	0.016183304298517703	-0.0071111456172913345	0.017132896564322143	0.033391177664841905	0.05445165757686079	0.07234809829285534	0.0907090625758373	0.1100699164761384	0.12058598692805589
-0.005246532040842968	0.055600111988245396	0.05675189972272556	0.054760201443955624	0.049685528304723996	0.044466061408209544	0.03711409338540773	0.027224556031954592	0.015823327154529894	0.006966648014123798	-0.0022032244862991903	0.00814058395555547	0.015076543321595819	0.024055046124893453	0.031676831302143806	0.03948453477138164	0.047731830609489254	0.05217110479786773
0.30117243835217206	-0.32858629754744695	-0.3568211281000097	-0.35898595840202074	-0.3354375355145917	-0.30699433114246083	-0.2598286414290295	-0.19143722705965877	-0.11163034985990693	-0.048270755670730255	0.2703328642693867	0.17105838905807727	0.10428215504645391	0.0160033647232089	-0.06128465093192413	-0.14403807462275062	-0.22711541204922112	-0.2839523480575417
0.26096860083054907	-0.2123760133825664	-0.2358844982420143	-0.24070407489779835	-0.22706510886668232	-0.20927111406543475	-0.17787409192710343	-0.13122927513360402	-0.07659716476717013	-0.03294141574827649	0.23788098035045474	0.1643542731398652	0.11486556842018407	0.049164144079586455	-0.008703918998583535	-0.07117623031430784	-0.1332997563403644	-0.17754634675076167
0.23376538373066336	-0.13419787900515306	-0.15451436592688159	-0.16111177720384592	-0.1541354582083778	-0.14350410982417428	-0.12271730057640967	-0.09070784644804766	-0.05301877191393664	-0.022624787555370476	0.2159001991041943	0.15971693717012117	0.12187304516494774	0.07138054204791228	0.026595587345963182	-0.022211751795976536	-0.07021908146214807	-0.10597799856028396
0.19639305623523556	-0.03075644430781442	-0.0467401129874199	-0.05561876913593077	-0.057425268083012695	-0.05625891926504448	-0.049529981739352	-0.036936059060274154	-0.021728576062121203	-0.008938116532715682	0.1855035216071458	0.15246285900619108	0.13015836550924292	0.09996923188621044	0.07265970918404245	0.04211997394765906	0.012965683845413618	-0.011406635973651205
0.16190987917202407	0.05991811381043166	0.04786919033456441	0.03707973738423406	0.027615500502536406	0.020500360241698483	0.014882756598161661	0.01039399190598257	0.005815314150101132	0.00310461328223845	0.1572170476064146	0.14470601823648116	0.1361875193248619	0.12402053931993076	0.1122352968174141	0.09794209774756175	0.08553301842878902	0.07133715509595914
0.12238158740632119	0.15716972851880007	0.14954272179783487	0.1368350885128657	0.11921831894763207	0.10324361928588605	0.08434892257856391	0.06144472965341549	0.03552768732396624	0.01608770522719872	0.12445597026723469	0.13432285442244937	0.14083311474891788	0.1483271287817444	0.15349583214633178	0.15697234007605507	0.16284640168232625	0.15985328664356105
0.0857184980841576	0.25461082015962866	0.25118098655164534	0.2363996738922817	0.21054433262389174	0.1856666441347916	0.15350946517051586	0.11226228169431561	0.06510064376538703	0.029018779714749737	0.0944332929371357	0.12630628165991195	0.14759376247679515	0.1744035441411784	0.19620806800202328	0.21709019225476928	0.2409090691233593	0.24880726511460916
0.051753225789096115	0.32183697357327323	0.3219905541318295	0.30622582522296193	0.27489331319803406	0.2439504303281569	0.20252396209453324	0.14830244498036818	0.086084963137508	0.03816797628968917	0.06546189360946057	0.11374146691216717	0.14605157248309955	0.18731789290442946	0.22163460647364053	0.25570016023964204	0.2930014860279971	0.30939591146670414
