TE,0,1,2,3,4,5,6,7,8
0,0.0,0.05290103414530727,0.03711746976439532,0.04017229458930023,0.08180239375751619,0.007721959536576211,0.0339179910842219,0.030201440570200945,0.024440728725568253
1,0.03187679866274585,0.0,0.0350667681179164,0.04254565126988483,0.08594221651370076,0.01723133874567426,0.03043918445755361,0.04167329705937869,0.03309035859314619
2,0.02645467611752253,0.05695786496626223,0.0,0.03904195567621465,0.1016392102934907,0.02470641141440472,0.043059244774804745,0.05244512859812478,0.03198956786035699
3,0.013435528590464364,0.05696536735814525,0.05296814623444845,0.0,0.06050036419091101,0.011259231571031396,0.039014408802076156,0.035345321365034085,0.02895644406692318
4,0.04050444434421514,0.04684185678664622,0.02832741212794932,0.07151439948262761,0.0,0.03253951005792588,0.059759691032075776,0.03981741239162493,0.037244472438570195
5,0.015265621102017386,0.04079723055262561,0.03317238835488226,0.0398856236588049,0.12537564055971082,0.0,0.0678858501827043,0.07993046541100647,0.030072090911456222
6,0.012138474298878158,0.023041593032176587,0.03195474947667934,0.03440608351973545,0.10970822484003223,0.02946508444547133,0.0,0.08918746590702237,0.039515282240699515
7,0.014526278647558033,0.01394412708318292,0.021586674925525216,0.03358289768249641,0.1078590285447341,0.029986441016162206,0.06861141074174962,0.0,0.039164427542530605
8,0.01702329658260129,0.01683782998194873,0.0205158553464818,0.02830401019505385,0.11398609200627738,0.018651596317388015,0.06481816470892252,0.0896169671719552,0.0
