TE,0,1,2,3,4,5,6,7,8
0,0.0,0.06335169167146518,0.025544351254700434,0.043586987151407665,0.10534174047947452,0.011809441418001592,0.03154165087025835,0.03859551844946763,0.02910545166287889
1,0.04875167530040072,0.0,0.029872107023155167,0.045780728089421054,0.09619995348915233,0.014555139598870694,0.04241378635454623,0.04890539823643994,0.028814971275897702
2,0.04237642164050062,0.055326083556627985,0.0,0.035983565426275524,0.11160575235921304,0.021129723865236115,0.06358788688238996,0.05272694575165362,0.02763695805382784
3,0.022191741608917896,0.07121031292631999,0.0485596042977044,0.0,0.057804994763025655,0.00929561451989423,0.03555419116557997,0.03710009128074723,0.022610733329736156
4,0.05231095268684731,0.0625952889257766,0.026583755518024988,0.0640894079550108,0.0,0.029104902002318276,0.04874143196579166,0.043439353195372864,0.03167849705225735
5,0.012841063915805664,0.047523607726644705,0.02374072908428986,0.03559377140662266,0.1310308926282226,0.0,0.07376933693281013,0.07061245135928244,0.030292542624004853
6,0.012445214711005525,0.023686750749983734,0.02287810926983198,0.031112192058983447,0.129494028604594,0.030622357961073744,0.0,0.08666240003960601,0.02603574530698379
7,0.01782788376161946,0.018281386304928635,0.01768028281775306,0.021813827590755005,0.14285230475577013,0.025979803282962503,0.07838566441907731,0.0,0.03144701027115056
8,0.012396815291378968,0.03869612529151706,0.01829798271231535,0.030344069697312716,0.13768107411208044,0.014694179683127822,0.07280866415111982,0.10164622993542456,0.0
