TE,0,1,2,3,4,5,6,7,8
0,0.0,0.03395126379361881,0.05686394150686027,0.033104221480773285,0.0222151092782238,0.015044299580895943,0.021062448249235487,0.022628963325317684,0.020359021035076155
1,0.03121748560445907,0.0,0.048508907843470506,0.04207307140368697,0.01586617946545811,0.03501034481272533,0.014907207618323062,0.0306129224069265,0.020602547868113358
2,0.04019589341539784,0.029297003587552283,0.0,0.05957747736389435,0.02022998224790979,0.04012929631345835,0.030167952785259623,0.030782134263713387,0.03341342984074377
3,0.03409608076544664,0.04381176611223935,0.06373503367214534,0.0,0.015572418357690089,0.017509317789636505,0.026718237528153263,0.02684016671595052,0.035992611818979496
4,0.05351933850027815,0.04823170538445798,0.06331981082404783,0.05754887992076969,0.0,0.037909971777740956,0.04542032824106485,0.02350256732467977,0.04935915719475464
5,0.0206153180524405,0.030556208842981766,0.04079984957887302,0.03659182466248724,0.024113944987511182,0.0,0.04701047335370609,0.07071293702515588,0.046949563407874165
6,0.00709119387549803,0.008572379788878448,0.03494812789930468,0.03433351211566149,0.016424619264526204,0.05704338597306404,0.0,0.05578335468043512,0.06202411071519631
7,0.014721521207059928,0.005173101231620233,0.01663398816578408,0.03412552827607593,0.014198135267235772,0.059344699851062326,0.0739464653350777,0.0,0.05825827599426122
8,0.013270161267380766,0.0038696957843285477,0.02903597143993646,0.025485894071607423,0.010052389772602704,0.03616933276657029,0.06822879490981504,0.0674606381479213,0.0
