TE,0,1,2,3,4,5,6,7,8
0,0.0,0.05404352143486346,0.05441326869937579,0.04327601632840262,0.06707900180178929,0.010051927886418278,0.0320385729433347,0.024947036944071785,0.023268652794862572
1,0.0293493738351392,0.0,0.04452077657602993,0.04515209170551164,0.06196483636056046,0.028456929335561012,0.025038520467179776,0.04002415599469251,0.03193609439764847
2,0.028775255003623518,0.04399054037439901,0.0,0.0465443344786194,0.07810503208774461,0.033292384986755116,0.0432808807712831,0.04009718612559485,0.03799079306982593
3,0.015129897223435999,0.05594395634799214,0.06269721020365027,0.0,0.0493071158308671,0.014265467719319518,0.03675931547113768,0.03278788839568131,0.034976163553000525
4,0.03920574507508729,0.03951630239165434,0.05078067975720783,0.07184687446397618,0.0,0.04032871019379919,0.054188842597175886,0.024675175340666912,0.04364689096924229
5,0.015808970162227886,0.04060125482754114,0.03685166422630748,0.04176093374309581,0.08471493110770362,0.0,0.074962126213803,0.06712077919493603,0.03717564981612753
6,0.01159943847323327,0.01912281657104289,0.0361196039263702,0.041228073779033744,0.07813847874805648,0.040105737590623636,0.0,0.0695301678293253,0.046857929083203936
7,0.012789553790377365,0.008175223265137654,0.020835486748723094,0.034980967143408016,0.05846178940749056,0.04023570204367225,0.06504078897422134,0.0,0.05452589524097162
8,0.011047300346332266,0.013727805429559911,0.02214029575541246,0.02339258505806412,0.07347501794393459,0.027560627461205783,0.07433205528548044,0.07700718818383023,0.0
