TE,0,1,2,3,4,5,6,7,8
0,0.0,0.03209936021946632,0.05679079117312541,0.026350106536286545,0.01716924415888365,0.009252341779497254,0.01829803357406227,0.017304541727752202,0.017231360745194484
1,0.025794742634984588,0.0,0.04476908939447345,0.04709518483141771,0.014795835751140783,0.03359382988343007,0.012124770205316056,0.026181248567647388,0.013965863684430709
2,0.03972504979060923,0.03357213979316654,0.0,0.06202922413201448,0.012996425690399532,0.03575017286521973,0.027294904820024776,0.02554558488828104,0.027088807024485843
3,0.03141279304571646,0.04534692917604502,0.06474804415203045,0.0,0.014078519092002757,0.018926150253606847,0.020102257527267155,0.025651158399828566,0.03736781482661031
4,0.0471365840409705,0.043979745019252274,0.06907900281784364,0.05462587452188235,0.0,0.03504662299292087,0.038270610064710546,0.031832766290926975,0.04859561777360867
5,0.020539201943448892,0.027247505508298426,0.04495322592305705,0.041974596037715965,0.013057447919071007,0.0,0.04897771367719761,0.07358360666245396,0.04537706704991362
6,0.011334340038378923,0.008826728027727776,0.03550624412336648,0.03738086883133793,0.006613681333110142,0.05217816860258753,0.0,0.055929117522647176,0.05614904539606705
7,0.015752461946120816,0.005164661847031163,0.012490140536383615,0.03584058246089664,0.005837449267263269,0.06253420514411634,0.06820236692614362,0.0,0.04854884200156029
8,0.014225460842653737,0.00456324788123293,0.025461978340134812,0.03465735641137927,0.005791610319126174,0.039271777481851386,0.05930988220173004,0.07615909441261653,0.0
