TE,0,1,2,3,4,5,6,7,8
0,0.0,0.08739880820892257,0.03495762345085899,0.05410798955952348,0.08965061093208666,0.018951599998159003,0.030253208579890292,0.0423424823861455,0.03568657974823563
1,0.09350591936464767,0.0,0.027883788160836222,0.07377324519585046,0.08233824162921133,0.015253006438968441,0.048433321004637,0.061896833690752676,0.028763542661349287
2,0.05395771708466035,0.07273727076335605,0.0,0.060304130531363305,0.07159557093783633,0.012794851160689544,0.0627194025729737,0.058827067037838014,0.031046496104255767
3,0.06982220678953693,0.09267374211599261,0.053227620505829104,0.0,0.08688088931064736,0.013005613067410552,0.033931181915449464,0.03708045304123497,0.030279890687998676
4,0.07374329266797211,0.05890164573143464,0.031200977314350335,0.09288217729862908,0.0,0.030620975635803165,0.014337670770197236,0.024177146269256922,0.029390381458392966
5,0.04051881879419035,0.060042214292922086,0.03765276542659198,0.0528826968832528,0.06178287752262858,0.0,0.07147185003670797,0.048701180002541804,0.04132541590469323
6,0.021866892187499036,0.03440729985411303,0.0422384180519845,0.03633560726667587,0.040508562390719184,0.03481980548008512,0.0,0.06686871419226371,0.020583664948917772
7,0.019901548121007223,0.0297201493324961,0.04308752051945042,0.02667281341616635,0.06016000803751556,0.02858595342863577,0.05930113828268942,0.0,0.0228381628110196
8,0.03733991364814175,0.04360287516841681,0.027587698687808443,0.041694389022564324,0.06772080320612078,0.018929197636559966,0.052827794274883676,0.07481009994447543,0.0
