TE,0,1,2,3,4,5,6,7,8
0,0.0,0.04923464927235137,0.06164297000850895,0.04280611016805355,0.042287745064621976,0.014378482633891878,0.02298217647611779,0.020968229938860043,0.02182179836648562
1,0.03389589757681434,0.0,0.054612189554387125,0.05037480408877433,0.035324871811695094,0.032914214500747364,0.016271189983706833,0.03133655000927204,0.02477602194123366
2,0.03634302379513603,0.03465061159495786,0.0,0.06128247730858111,0.040366527502334756,0.0419696910581719,0.04077829194517679,0.03220377857885649,0.04018364560359873
3,0.021038033472008572,0.06444448438963601,0.07325893189899382,0.0,0.03079487362949742,0.012406540377150258,0.028559433332491863,0.025179764122628078,0.031196733789148647
4,0.043909289413829516,0.04672861093918488,0.06942752413274862,0.06833950354180551,0.0,0.039741345277638784,0.04548311228760692,0.026365104653450523,0.043094476621392465
5,0.022885688327347692,0.03942992623157207,0.04556762961781573,0.04447400491173689,0.05359411799393653,0.0,0.05792109976728466,0.059762368299088015,0.043846603032629605
6,0.014748278889250503,0.01462936976845839,0.041254107074971305,0.04863927835490499,0.04262965912529215,0.05066853365450647,0.0,0.06686522566295611,0.056756716318064115
7,0.017519022075072884,0.008607069720174696,0.018353786475197705,0.03926051903983869,0.032571315463961255,0.049232730746049475,0.06566689997453819,0.0,0.06261949987145914
8,0.012926716689649096,0.007807454675408165,0.024094810877760244,0.023510713788963127,0.03576845601335973,0.038230189515148706,0.06780181947634921,0.05539817468505477,0.0
