TE,0,1,2,3,4,5,6,7,8
0,0.0,0.08205612784239855,0.029526259501050426,0.06424771632600566,0.0995652367909536,0.015963578928390183,0.028500312030484413,0.04487321845686487,0.023475935747393945
1,0.07808186765457971,0.0,0.02971035759972376,0.06490889997832672,0.08281513869146848,0.0131060837847707,0.04938931948320931,0.06047085482743149,0.02535400249847361
2,0.051926272437519884,0.06552561455212812,0.0,0.04387174138906299,0.10316064833777311,0.016930987191595744,0.06342537838245904,0.05897319272259055,0.021621190576340762
3,0.04159753411203944,0.09792181846816464,0.047270660986750826,0.0,0.07655826779073284,0.010520948595899526,0.037706050781905344,0.04083098564509145,0.021486090063443326
4,0.06824531435952715,0.06782643699215403,0.03540841745380023,0.07331540826562474,0.0,0.03119647121666229,0.041085205717120654,0.04168633477986475,0.030460054444988616
5,0.027957284878532208,0.05818870322418718,0.02890620585221856,0.057800670287673814,0.10883576469017828,0.0,0.0719641138899141,0.05661270849481312,0.029272124568066177
6,0.016293902744274454,0.03274271737510095,0.03039295790697725,0.04116447556742634,0.10507507554722344,0.03008492438745612,0.0,0.08049615853228961,0.022148541769056927
7,0.021287030769270122,0.025995959452868388,0.02719357921950958,0.03470947933498463,0.10419167602908512,0.02773682550124264,0.06121870057937999,0.0,0.029225122984274293
8,0.0278492190471517,0.04090580972118605,0.027379819242178624,0.04741242040441461,0.11756007220877158,0.01634495004414956,0.06992095222567936,0.08839010289777713,0.0
