0	0.0
1	0.042294007
2	0.04897806
3	0.051095385
4	0.055339374
5	0.057115752
6	0.057771076
7	0.058988262
8	0.05923051
9	0.05927359
10	0.059764232
11	0.062005788
12	0.065643296
13	0.06745681
14	0.067960255
15	0.07619531
16	0.07696503
17	0.07705782
18	0.0824386
19	0.08417416
20	0.08897719
21	0.0905602
22	0.09274894
23	0.09578236
24	0.09959178
25	0.10464468
26	0.10862118
27	0.109555416
28	0.112191945
29	0.11495872
30	0.11536263
31	0.1159003
32	0.11710946
33	0.11880462
34	0.11905253
35	0.119359754
36	0.119465955
37	0.122823365
38	0.124542795
39	0.12680183
40	0.12877183
41	0.12926382
42	0.12962687
43	0.13163917
44	0.13195375
45	0.13271059
46	0.13419959
47	0.1363198
48	0.13705634
49	0.13772684
50	0.14002718
51	0.1431065
52	0.14354128
53	0.14672083
54	0.14861412
55	0.14989614
56	0.15138565
57	0.15220144
58	0.1529113
59	0.15405078
60	0.15560459
61	0.15768331
62	0.15776937
63	0.15890299
64	0.15898865
65	0.16096221
66	0.16243696
67	0.16291192
68	0.16424806
69	0.1643391
70	0.1644324
71	0.1667649
72	0.16680464
73	0.16699415
74	0.16920197
75	0.16926722
76	0.1693598
77	0.16944069
78	0.1694618
79	0.17006336
80	0.1701059
81	0.173186
82	0.17376168
83	0.17590737
84	0.17619325
85	0.1762782
86	0.17685212
87	0.17709444
88	0.17743018
89	0.17743234
90	0.1776678
91	0.17838308
92	0.18026221
93	0.18111217
94	0.18113078
95	0.18338366
96	0.18407133
97	0.18599221
98	0.18615057
99	0.18627918
100	0.18636869
101	0.18735859
102	0.18892281
103	0.18965325
104	0.19021717
105	0.19026165
106	0.19070585
107	0.19070624
108	0.1915575
109	0.19311039
110	0.19365533
111	0.19394924
112	0.19502154
113	0.19534166
114	0.19620161
115	0.1965053
116	0.19699469
117	0.19754925
118	0.19894062
119	0.20010117
120	0.2013141
121	0.20155266
122	0.20179108
123	0.20267326
124	0.20412521
125	0.20417301
126	0.20435528
127	0.2061907
128	0.20728487
129	0.20762034
130	0.20765097
131	0.20817737
132	0.2087299
133	0.20902364
134	0.20953111
135	0.21080168
136	0.21111333
137	0.21135527
138	0.21219955
139	0.21247649
140	0.21257988
141	0.21303546
142	0.21327055
143	0.21504395
144	0.21562028
145	0.21627158
146	0.21737193
147	0.21782054
148	0.21829629
149	0.21943638
150	0.2194995
151	0.22026989
152	0.2204196
153	0.22101368
154	0.22122619
155	0.22130157
156	0.22319776
157	0.22331603
158	0.22544861
159	0.2264889
160	0.22696522
161	0.22719197
162	0.22728407
163	0.22768742
164	0.2277764
165	0.22909616
166	0.22935703
167	0.22942558
168	0.23067906
169	0.23163155
170	0.23220691
171	0.23275378
172	0.23379302
173	0.23392111
174	0.23483637
175	0.23483925
176	0.23551154
177	0.23555042
178	0.23666793
179	0.23675276
180	0.23703872
181	0.23727033
182	0.23727658
183	0.238308
184	0.23831977
185	0.23847476
186	0.23859166
187	0.23889014
188	0.23890547
189	0.23904927
190	0.239511
191	0.23953037
192	0.23959589
193	0.24020171
194	0.2411035
195	0.24165905
196	0.24175912
197	0.2422504
198	0.24226706
199	0.24297984
200	0.24525611
201	0.24608658
202	0.2463283
203	0.24718425
204	0.24833973
205	0.24980132
206	0.25057164
207	0.25199518
208	0.25302956
209	0.253831
210	0.25546688
211	0.2569164
212	0.25751904
213	0.25787398
214	0.25802377
215	0.25870195
216	0.258765
217	0.2593639
218	0.25938436
219	0.2602556
220	0.2614237
221	0.2617629
222	0.26227435
223	0.2628761
224	0.2638751
225	0.26390126
226	0.26458204
227	0.26485676
228	0.26642698
229	0.2676941
230	0.26781303
231	0.26965415
232	0.27086452
233	0.2714711
234	0.27307218
235	0.27378565
236	0.27389824
237	0.27400345
238	0.27419916
239	0.27617237
240	0.2773846
241	0.27906865
242	0.2794248
243	0.28172585
244	0.2819673
245	0.2825472
246	0.28337258
247	0.28540656
248	0.28589532
249	0.28601453
250	0.28799513
251	0.29119614
252	0.29203093
253	0.29225668
254	0.2944882
255	0.29509336
256	0.29530764
257	0.29556188
258	0.29659796
259	0.29752982
260	0.29773238
261	0.3016207
262	0.3018543
263	0.30330458
264	0.3043744
265	0.3057476
266	0.30751887
267	0.30855495
268	0.30890703
269	0.30919114
270	0.30936974
271	0.31164306
272	0.31230026
273	0.3126231
274	0.3133988
275	0.3143069
276	0.3164866
277	0.31669787
278	0.31772515
279	0.31801307
280	0.31861266
281	0.3196407
282	0.3196936
283	0.32005337
284	0.32086
285	0.3212399
286	0.32443196
287	0.32528487
288	0.3255256
289	0.32633892
290	0.32721314
291	0.32765946
292	0.3280154
293	0.32829812
294	0.3284334
295	0.33129382
296	0.3320847
297	0.33276016
298	0.3330232
299	0.33317325
300	0.33331415
301	0.33377573
302	0.33379534
303	0.33552027
304	0.33570358
305	0.33584514
306	0.33602557
307	0.33940455
308	0.33951938
309	0.33983856
310	0.34042817
311	0.34152278
312	0.3418846
313	0.34189394
314	0.34296167
315	0.3436641
316	0.34372678
317	0.34375015
318	0.3439366
319	0.3451674
320	0.34523165
321	0.34620735
322	0.34624028
323	0.3476987
324	0.34826198
325	0.34847942
326	0.35088593
327	0.3512198
328	0.35266745
329	0.3529198
330	0.3538942
331	0.35466728
332	0.35760137
333	0.36077517
334	0.36100346
335	0.36319742
336	0.36680683
337	0.37445927
338	0.37635773
339	0.3772798
340	0.37801558
341	0.37924358
342	0.3805487
343	0.38469768
344	0.38484418
345	0.38496512
346	0.3858168
347	0.3892553
348	0.39197508
349	0.40301055
350	0.4112461
351	0.41138005
352	0.41396698
353	0.41520223
354	0.4222888
355	0.42822096
356	0.4286511
357	0.42869273
358	0.4309185
359	0.43931255
360	0.4412521
361	0.44761986
362	0.44868863
363	0.45366818
364	0.45762113
365	0.45777637
366	0.46015313
367	0.4671772
368	0.468034
369	0.4745063
370	0.48348132
371	0.49194193
372	0.49384043
373	0.4952203
374	0.4968511
375	0.4987647
376	0.49932802
377	0.49940363
378	0.5004803
379	0.5012943
380	0.50151736
381	0.5016339
382	0.50492907
383	0.5062765
384	0.5073611
385	0.50802207
386	0.5084214
387	0.5102939
388	0.51039726
389	0.5106574
390	0.51135135
391	0.5117142
392	0.5146113
393	0.5148842
394	0.51658887
395	0.51822495
396	0.51876587
397	0.5199083
398	0.5211555
399	0.5212381
400	0.5220412
401	0.5244076
402	0.52463764
403	0.5249027
404	0.526025
405	0.5275171
406	0.5285222
407	0.5291331
408	0.5292094
409	0.5303657
410	0.5326075
411	0.53269523
412	0.53328836
413	0.5335668
414	0.5337585
415	0.5338008
416	0.53437364
417	0.53568673
418	0.53605366
419	0.53678286
420	0.53747326
421	0.5383269
422	0.5385442
423	0.5399231
424	0.5402802
425	0.54031134
426	0.5404052
427	0.5410036
428	0.5412038
429	0.54135406
430	0.54142827
431	0.5419349
432	0.5421349
433	0.5428647
434	0.5433562
435	0.54371434
436	0.5438749
437	0.5439806
438	0.54466695
439	0.5468193
440	0.5481184
441	0.54869664
442	0.5494385
443	0.54969513
444	0.55030775
445	0.5514422
446	0.5517349
447	0.552373
448	0.55312604
449	0.55316496
450	0.5531841
451	0.5545848
452	0.5546518
453	0.5548805
454	0.5550427
455	0.5555802
456	0.55635864
457	0.55680984
458	0.55691797
459	0.5570789
460	0.5572276
461	0.557366
462	0.5574136
463	0.5579273
464	0.55813795
465	0.5589468
466	0.55997187
467	0.5607988
468	0.5611231
469	0.5614951
470	0.56375897
471	0.56447315
472	0.5647285
473	0.56491303
474	0.5651735
475	0.56787
476	0.5678955
477	0.5680307
478	0.5681097
479	0.56853014
480	0.5685549
481	0.5690141
482	0.56929994
483	0.5696598
484	0.569715
485	0.57035583
486	0.5714021
487	0.57250553
488	0.5728055
489	0.57296884
490	0.57389915
491	0.57508063
492	0.5751002
493	0.5753355
494	0.5754163
495	0.58138126
496	0.58232075
497	0.5825006
498	0.5835992
499	0.5841966
500	0.5846297
501	0.58474344
502	0.5853906
503	0.5856062
504	0.58748215
505	0.5878157
506	0.5884282
507	0.5889857
508	0.5891058
509	0.5891566
510	0.5902786
511	0.5905765
512	0.59085274
513	0.59103173
514	0.5910882
515	0.5926206
516	0.59345907
517	0.5936478
518	0.59710175
519	0.59721184
520	0.5979131
521	0.59808326
522	0.5982695
523	0.59852046
524	0.59909666
525	0.5992676
526	0.5993216
527	0.5994511
528	0.6004123
529	0.60173607
530	0.602224
531	0.6025939
532	0.60265636
533	0.6031719
534	0.6035456
535	0.60365736
536	0.6036608
537	0.6047344
538	0.6050623
539	0.6054189
540	0.6060658
541	0.60632277
542	0.60752654
543	0.6093531
544	0.60935956
545	0.60953593
546	0.6103767
547	0.6112658
548	0.61211914
549	0.6122732
550	0.61364263
551	0.6137577
552	0.6142367
553	0.6151499
554	0.6152831
555	0.6167314
556	0.6168886
557	0.61870664
558	0.6188865
559	0.6189168
560	0.6191293
561	0.62071836
562	0.6208543
563	0.6216206
564	0.6219122
565	0.6237924
566	0.62412614
567	0.62748545
568	0.62886024
569	0.6290974
570	0.62938184
571	0.6294534
572	0.62971926
573	0.6335824
574	0.6368081
575	0.6436724
576	0.6441056
577	0.6453278
578	0.64551026
579	0.6463605
580	0.64671576
581	0.64809716
582	0.6490593
583	0.65058
584	0.6515208
585	0.6525326
586	0.65266365
587	0.65371084
588	0.6539066
589	0.6540152
590	0.65802515
591	0.65806717
592	0.6591082
593	0.6592355
594	0.65989083
595	0.6599367
596	0.6613871
597	0.66194826
598	0.6620034
599	0.6637694
600	0.66404384
601	0.6642024
602	0.66424036
603	0.6651285
604	0.66535497
605	0.66547376
606	0.6667775
607	0.6668598
608	0.66826546
609	0.6694874
610	0.66997963
611	0.67018896
612	0.67058235
613	0.67074955
614	0.6714186
615	0.6716566
616	0.67305666
617	0.67344016
618	0.6748724
619	0.6750067
620	0.6756924
621	0.6763076
622	0.67647666
623	0.67730165
624	0.67738056
625	0.6774915
626	0.6780923
627	0.67829674
628	0.6790969
629	0.6799525
630	0.6809276
631	0.6819426
632	0.6833081
633	0.68450403
634	0.68496346
635	0.68558985
636	0.6858563
637	0.6861233
638	0.68670994
639	0.6878892
640	0.68866336
641	0.68941134
642	0.68982327
643	0.6981453
644	0.69866735
645	0.7001441
646	0.7007613
647	0.7067426
648	0.70779717
649	0.7081503
650	0.7096491
651	0.7097345
652	0.7099224
653	0.7126892
654	0.7152541
655	0.7174224
656	0.7177811
657	0.7204854
658	0.72389805
659	0.7255362
660	0.7281697
661	0.7300256
662	0.7326939
663	0.7348479
664	0.7349918
665	0.73904604
666	0.74085504
667	0.7436916
668	0.74520415
669	0.7454594
670	0.755498
671	0.7563316
672	0.75687146
673	0.7574691
674	0.7623228
675	0.7655482
676	0.7762284
677	0.7779809
678	0.7794513
679	0.783686
680	0.7854303
681	0.7858532
682	0.7892927
683	0.79413044
684	0.797713
685	0.7980436
686	0.8019681
687	0.8142253
688	0.81538534
689	0.8217469
690	0.82649046
691	0.83350563
692	0.83916974
693	0.8416575
694	0.84228307
695	0.8425603
696	0.84360164
697	0.84416044
698	0.8449864
699	0.85200727
700	0.8536312
701	0.8609272
702	0.8620393
703	0.8628353
704	0.8699109
705	0.87122226
706	0.87316316
707	0.87325543
708	0.8734391
709	0.8754141
710	0.87590504
711	0.876114
712	0.87661487
713	0.8780451
714	0.87826866
715	0.88035446
716	0.88049084
717	0.88079345
718	0.8811742
719	0.8815139
720	0.8828806
721	0.88323486
722	0.8833229
723	0.88522446
724	0.8855386
725	0.88571155
726	0.88672996
727	0.8881387
728	0.88817114
729	0.888407
730	0.88877875
731	0.8892079
732	0.8892169
733	0.88925594
734	0.88927764
735	0.8893629
736	0.88965434
737	0.8898125
738	0.8906574
739	0.89105153
740	0.8914687
741	0.8918758
742	0.8920125
743	0.8929052
744	0.8935341
745	0.8938712
746	0.89388174
747	0.8947868
748	0.89574635
749	0.8964842
750	0.89787525
751	0.89835024
752	0.89878076
753	0.8988131
754	0.89890563
755	0.8990744
756	0.8993072
757	0.89960366
758	0.8997056
759	0.90082633
760	0.9011769
761	0.90170556
762	0.9019163
763	0.90248483
764	0.9030071
765	0.9031832
766	0.9032007
767	0.90335566
768	0.90372205
769	0.9039652
770	0.90407103
771	0.9048635
772	0.9049082
773	0.90514976
774	0.90669495
775	0.9070458
776	0.90762746
777	0.90776014
778	0.90815216
779	0.90828097
780	0.9084113
781	0.908666
782	0.9086852
783	0.9088877
784	0.9090764
785	0.90919703
786	0.90926105
787	0.90929884
788	0.9099497
789	0.9102449
790	0.91038465
791	0.9113575
792	0.9114381
793	0.91177875
794	0.91198957
795	0.91216135
796	0.9126819
797	0.91270113
798	0.913235
799	0.91334456
800	0.91405284
801	0.91430384
802	0.9143408
803	0.91440505
804	0.9146054
805	0.9153683
806	0.9162612
807	0.9166236
808	0.9166721
809	0.917585
810	0.9177968
811	0.91804457
812	0.9187711
813	0.9188536
814	0.9189123
815	0.9192191
816	0.919566
817	0.91977674
818	0.92162555
819	0.92193377
820	0.9224219
821	0.92259187
822	0.92268026
823	0.9233209
824	0.9234362
825	0.9239697
826	0.9243797
827	0.9258398
828	0.92592174
829	0.9261416
830	0.9264016
831	0.9278364
832	0.9278579
833	0.9278623
834	0.9283815
835	0.9284628
836	0.92866445
837	0.92870045
838	0.92875326
839	0.92987883
840	0.93018186
841	0.9304541
842	0.9305545
843	0.93088186
844	0.9310113
845	0.93135834
846	0.9324039
847	0.9339204
848	0.9348505
849	0.9352885
850	0.9354125
851	0.9354582
852	0.9356261
853	0.93577975
854	0.9369132
855	0.9369262
856	0.9376404
857	0.9376541
858	0.9377687
859	0.9389274
860	0.9404443
861	0.940882
862	0.9424775
863	0.9425064
864	0.9430799
865	0.94355094
866	0.943708
867	0.9458376
868	0.946216
869	0.9464506
870	0.9464825
871	0.947192
872	0.9476235
873	0.94906753
874	0.95059496
875	0.9512518
876	0.9513401
877	0.95293343
878	0.95300007
879	0.95440644
880	0.9549024
881	0.95509064
882	0.9555377
883	0.95604324
884	0.9562009
885	0.9562813
886	0.9571209
887	0.95723057
888	0.95750237
889	0.9575604
890	0.9580412
891	0.95870346
892	0.95896024
893	0.9590547
894	0.9592662
895	0.9594516
896	0.9595291
897	0.960046
898	0.96021163
899	0.96054035
900	0.9607454
901	0.96083933
902	0.96128434
903	0.96174634
904	0.962151
905	0.9622874
906	0.96289164
907	0.9630663
908	0.9631529
909	0.9632422
910	0.96375763
911	0.9637828
912	0.96385324
913	0.96391016
914	0.9641724
915	0.9647627
916	0.9648283
917	0.9648527
918	0.9649181
919	0.9651211
920	0.9652587
921	0.96577257
922	0.965842
923	0.9661048
924	0.9661906
925	0.96625286
926	0.9663226
927	0.9664213
928	0.96651745
929	0.9665442
930	0.9665495
931	0.9666544
932	0.96730363
933	0.96760577
934	0.9676685
935	0.9677014
936	0.9678229
937	0.967986
938	0.9682796
939	0.9685203
940	0.96855783
941	0.9686889
942	0.96888435
943	0.9690653
944	0.9692539
945	0.96927565
946	0.9693338
947	0.9696965
948	0.9696965
949	0.9699884
950	0.9705463
951	0.97059107
952	0.9706415
953	0.9711228
954	0.97133684
955	0.9729009
956	0.9730052
957	0.97308415
958	0.973497
959	0.9737799
960	0.97434825
961	0.9743731
962	0.97495526
963	0.9759997
964	0.97602993
965	0.9761372
966	0.9765883
967	0.977068
968	0.97718865
969	0.9777072
970	0.9781669
971	0.9787802
972	0.98143375
973	0.98150086
974	0.98168164
975	0.9819283
976	0.98194253
977	0.9820087
978	0.9826732
979	0.9839898
980	0.9843957
981	0.98565847
982	0.9862319
983	0.986617
984	0.9870397
985	0.9888874
986	0.9891495
987	0.99065965
988	0.9907162
989	0.99162114
990	0.9920874
991	0.99255943
992	0.9930611
993	0.9933172
994	0.9933741
995	0.99399376
996	0.99459827
997	0.997554
998	0.999528
999	1.0
