0	0.0
1	0.018162958
2	0.035311338
3	0.04347598
4	0.04523626
5	0.04566191
6	0.045926403
7	0.046413343
8	0.048955243
9	0.049177747
10	0.05050423
11	0.05218394
12	0.056718316
13	0.0568173
14	0.058190797
15	0.061282676
16	0.072279416
17	0.07301478
18	0.08434335
19	0.08931617
20	0.089763425
21	0.09582381
22	0.09822251
23	0.10138097
24	0.10173962
25	0.10320244
26	0.10447642
27	0.11145489
28	0.113276556
29	0.113427006
30	0.11351262
31	0.11789776
32	0.11791786
33	0.11798693
34	0.11913089
35	0.12002614
36	0.12090219
37	0.12162647
38	0.12312171
39	0.12380069
40	0.12410945
41	0.12425761
42	0.12521367
43	0.12754087
44	0.1280956
45	0.12834607
46	0.12883323
47	0.12883948
48	0.1303762
49	0.13046102
50	0.13122527
51	0.13127655
52	0.13212125
53	0.13287103
54	0.13847515
55	0.13969572
56	0.14096773
57	0.14259267
58	0.1427278
59	0.1438631
60	0.14641996
61	0.14711457
62	0.14751357
63	0.14834093
64	0.14856032
65	0.14872386
66	0.14984402
67	0.15020186
68	0.15063778
69	0.15159658
70	0.15197213
71	0.15197507
72	0.15323466
73	0.15367568
74	0.15433416
75	0.15455294
76	0.15477233
77	0.15539087
78	0.15565905
79	0.15648378
80	0.16023107
81	0.16142857
82	0.16165216
83	0.16270214
84	0.1631549
85	0.16655353
86	0.16740091
87	0.16913895
88	0.16921492
89	0.16922247
90	0.17086636
91	0.17292461
92	0.17320956
93	0.17614459
94	0.1768857
95	0.17710774
96	0.18091483
97	0.1813601
98	0.18271695
99	0.18297613
100	0.18303391
101	0.18335065
102	0.18375112
103	0.18377626
104	0.1837805
105	0.1839924
106	0.18412785
107	0.18451913
108	0.18480068
109	0.18541108
110	0.18571115
111	0.1861453
112	0.18872423
113	0.19014342
114	0.19144383
115	0.19170241
116	0.19206671
117	0.1923596
118	0.19271904
119	0.19309942
120	0.19325443
121	0.19487536
122	0.1952381
123	0.195594
124	0.19638988
125	0.19675699
126	0.19728665
127	0.19775142
128	0.19828963
129	0.20016615
130	0.20133483
131	0.20369686
132	0.20577392
133	0.20598277
134	0.21044004
135	0.21058814
136	0.21088387
137	0.21364857
138	0.21504983
139	0.21659209
140	0.2198722
141	0.22129112
142	0.22548556
143	0.22650255
144	0.22830382
145	0.22868834
146	0.22951902
147	0.23062873
148	0.24201547
149	0.24378863
150	0.25319695
151	0.25455955
152	0.2566223
153	0.25970185
154	0.26157448
155	0.26233876
156	0.26488248
157	0.2670119
158	0.26797968
159	0.27372903
160	0.27550745
161	0.27657333
162	0.2817925
163	0.28191417
164	0.28238523
165	0.2872106
166	0.2903969
167	0.29095262
168	0.2917521
169	0.2918029
170	0.29544285
171	0.2954726
172	0.2967227
173	0.29856998
174	0.2988393
175	0.29893622
176	0.29913804
177	0.30010357
178	0.30085456
179	0.30099836
180	0.30135256
181	0.30196023
182	0.30239156
183	0.3031013
184	0.30415732
185	0.30531
186	0.30771056
187	0.30897802
188	0.31055725
189	0.31104478
190	0.31140566
191	0.3125586
192	0.31376237
193	0.31530482
194	0.31536177
195	0.31586814
196	0.31600553
197	0.31626195
198	0.3180522
199	0.31810004
200	0.31934866
201	0.3212833
202	0.32184675
203	0.32221222
204	0.3227816
205	0.32296652
206	0.32299387
207	0.32305703
208	0.32325983
209	0.32352945
210	0.3238509
211	0.3245607
212	0.32491848
213	0.3263727
214	0.3264783
215	0.3271408
216	0.3274544
217	0.32785723
218	0.32800695
219	0.3281404
220	0.32814077
221	0.3306008
222	0.33112276
223	0.33142272
224	0.33159333
225	0.33204073
226	0.33245885
227	0.33332914
228	0.33352202
229	0.33429387
230	0.33433408
231	0.3344854
232	0.33524925
233	0.3354833
234	0.3358218
235	0.33586538
236	0.33605328
237	0.3360668
238	0.3364446
239	0.33685967
240	0.33737546
241	0.33770874
242	0.33818862
243	0.33996275
244	0.34028587
245	0.34039274
246	0.34074962
247	0.3410027
248	0.34130764
249	0.34179896
250	0.3423808
251	0.3437074
252	0.34441397
253	0.34507263
254	0.3458364
255	0.3463102
256	0.3489062
257	0.35169163
258	0.35666856
259	0.3590512
260	0.3643573
261	0.36716673
262	0.3674245
263	0.36894137
264	0.3714741
265	0.37256575
266	0.37467092
267	0.3797971
268	0.38055274
269	0.38082093
270	0.38415536
271	0.38477173
272	0.3858633
273	0.38624874
274	0.39793262
275	0.3981223
276	0.40540132
277	0.40607247
278	0.40889063
279	0.40975574
280	0.41610122
281	0.42056283
282	0.42103302
283	0.42248905
284	0.42383793
285	0.4304094
286	0.4350137
287	0.43858925
288	0.44092727
289	0.44154817
290	0.443857
291	0.44564888
292	0.44622436
293	0.44672638
294	0.4536824
295	0.4563774
296	0.46076268
297	0.4644415
298	0.46976122
299	0.4789466
300	0.47963348
301	0.4796511
302	0.48118877
303	0.48155114
304	0.4822568
305	0.4860989
306	0.48673588
307	0.48877499
308	0.4925069
309	0.4929016
310	0.49335888
311	0.49341205
312	0.49573818
313	0.49770105
314	0.4981902
315	0.49859044
316	0.5008529
317	0.50087875
318	0.5009294
319	0.50098765
320	0.5014744
321	0.50176096
322	0.50235975
323	0.50261945
324	0.50308424
325	0.5031857
326	0.50321573
327	0.50392544
328	0.50402045
329	0.5043683
330	0.5045213
331	0.50472194
332	0.5048152
333	0.5049855
334	0.50519955
335	0.5053344
336	0.50550336
337	0.50641286
338	0.50677896
339	0.50683737
340	0.506906
341	0.5072533
342	0.50728357
343	0.50753987
344	0.5077825
345	0.50799006
346	0.50810486
347	0.50832635
348	0.50847495
349	0.50849926
350	0.50870776
351	0.50889236
352	0.50890166
353	0.51043093
354	0.51848143
355	0.5191075
356	0.51958483
357	0.52207386
358	0.5233754
359	0.525695
360	0.5278374
361	0.539712
362	0.5411452
363	0.5423554
364	0.54276556
365	0.54512835
366	0.5466931
367	0.5479873
368	0.548494
369	0.5567425
370	0.5571014
371	0.5571797
372	0.5572363
373	0.5575606
374	0.55928546
375	0.55942065
376	0.5597688
377	0.5599762
378	0.56005037
379	0.56016415
380	0.56018347
381	0.5602144
382	0.5606737
383	0.56083363
384	0.56099045
385	0.56102926
386	0.5614624
387	0.56149054
388	0.56205875
389	0.5624861
390	0.56249505
391	0.5628154
392	0.56300074
393	0.5632848
394	0.56332517
395	0.5633806
396	0.5640596
397	0.5640708
398	0.5645275
399	0.5646019
400	0.56468034
401	0.5647388
402	0.5647472
403	0.56487334
404	0.5653678
405	0.5654174
406	0.5655852
407	0.56594944
408	0.56678927
409	0.5673391
410	0.5676495
411	0.5680473
412	0.5688196
413	0.5689726
414	0.56923604
415	0.56930834
416	0.5694974
417	0.5695315
418	0.569782
419	0.57020766
420	0.57034975
421	0.5708133
422	0.5708615
423	0.5709503
424	0.5711668
425	0.57137954
426	0.5714277
427	0.571481
428	0.57164717
429	0.5719137
430	0.57206184
431	0.5723282
432	0.5724211
433	0.5727272
434	0.5727633
435	0.57329726
436	0.57343936
437	0.5743864
438	0.5745554
439	0.58212954
440	0.5829907
441	0.5874825
442	0.5878347
443	0.58792406
444	0.5904207
445	0.59163
446	0.59181404
447	0.59256464
448	0.5927646
449	0.5930663
450	0.5941426
451	0.5950232
452	0.5953923
453	0.59580487
454	0.5958554
455	0.5965421
456	0.5970403
457	0.59756553
458	0.5979786
459	0.5983076
460	0.59860086
461	0.59928596
462	0.5996875
463	0.5997741
464	0.6009247
465	0.6012859
466	0.60139626
467	0.60281277
468	0.60285383
469	0.60355353
470	0.60379046
471	0.6041214
472	0.6047894
473	0.60504025
474	0.60517323
475	0.60586464
476	0.60748535
477	0.6086791
478	0.6087903
479	0.6090393
480	0.6101605
481	0.6102974
482	0.6104222
483	0.6117953
484	0.6128402
485	0.615919
486	0.6167104
487	0.61783403
488	0.6243812
489	0.6244414
490	0.6245915
491	0.62524754
492	0.62648296
493	0.6300663
494	0.63098615
495	0.63255155
496	0.6331832
497	0.63733965
498	0.64258325
499	0.64487606
500	0.6466661
501	0.64692175
502	0.64857817
503	0.6486718
504	0.64896244
505	0.64924484
506	0.65010566
507	0.65155596
508	0.6533119
509	0.6546192
510	0.6550526
511	0.6556453
512	0.65602857
513	0.65837914
514	0.6591974
515	0.662168
516	0.66358745
517	0.6638686
518	0.664192
519	0.6644797
520	0.6654449
521	0.6691673
522	0.6697252
523	0.67057157
524	0.6736094
525	0.67371356
526	0.6770653
527	0.6786158
528	0.68101853
529	0.6834893
530	0.6843364
531	0.68619287
532	0.6937389
533	0.6954363
534	0.6971149
535	0.69737244
536	0.6982663
537	0.7050455
538	0.7063354
539	0.7066261
540	0.7072749
541	0.7080387
542	0.70992947
543	0.7117786
544	0.7127529
545	0.71350753
546	0.71649814
547	0.7188821
548	0.72108275
549	0.7251765
550	0.72627044
551	0.7298281
552	0.73153484
553	0.7343292
554	0.73696387
555	0.7392473
