34.01621576175221	230.51536510158547	-52.57640501388108	65.90481430822793	-341.99901617712	165.43742216169423	321.35227476158246	-147.38965862411666	112.53057945547832	-365.4996830451098
-13.34398174628795	-88.90533865305045	21.601632831246004	-26.903921320559633	131.68158028014795	-64.6726816189644	-120.20254677816119	56.07969924847674	-41.647208841618244	141.05830317401114
28.39033485818417	104.48781096704889	-37.18940403921473	36.85157021148658	-169.1685801141262	63.76636885341632	190.83768624251243	-92.99783437163141	58.182601119047646	-181.1186377641021
-38.43880682409202	-308.04579779726413	66.11063189463329	-84.6068874843808	447.59104089962864	-226.4022206994301	-411.54845410857683	183.5578034384884	-150.61183851301303	478.0200565619576
22.834799143924823	247.14011088578602	-39.569985027399866	63.10228133375669	-354.56910502021015	189.95034001803188	295.2317456409753	-129.1604641564267	112.81137617385502	-377.463960475466
17.411742397805362	179.9590348746177	-29.83113034379827	46.36702388406902	-256.91160195911874	138.3418000279431	212.26121145082303	-93.59474174031702	81.11687265103193	-273.559897389128
20.79437946686359	160.69009574135129	-34.57479597423882	47.13501282215662	-237.8237696469909	118.56027809652429	217.58733643266015	-98.1085937568381	77.65433552070168	-254.49571339011797
13.945011254649497	77.46142479837454	-22.341079447332678	26.154433571632076	-115.92933268915158	54.86381556481195	112.70200768725054	-53.19732224018788	37.86853690306421	-124.81381251002497
-4.733642701332046	-96.91779109244271	9.027203708238465	-18.51085942765651	133.0891391773303	-77.41290272241417	-96.02539317473277	40.14427564436371	-40.890188054858115	140.22360708802918
-16.3938452189379	-161.73965522227613	27.752783818928226	-40.48309785134115	230.76775232502303	-123.14795424707125	-192.0457193190695	85.26020498023817	-73.0764906947121	245.36681457050648
