0	0.42738208
1	0.42926604
2	0.43572897
3	0.44046843
4	0.44068334
5	0.448813
6	0.4506981
7	0.45640147
8	0.45666584
9	0.45718113
10	0.46237463
11	0.4630003
12	0.46465552
13	0.47302943
14	0.47778526
15	0.4790378
16	0.48356268
17	0.48625773
18	0.49490264
19	0.5002065
20	0.50248265
21	0.5048465
22	0.5057253
23	0.5057497
24	0.50613004
25	0.50903296
26	0.51024365
27	0.510266
28	0.5110265
29	0.51163876
30	0.51190734
31	0.5131418
32	0.51508576
33	0.517946
34	0.5182599
35	0.53020203
36	0.5342652
37	0.53863823
38	0.54871535
39	0.550015
40	0.5539155
41	0.5542234
42	0.55716044
43	0.558387
44	0.55987424
45	0.5640418
46	0.56474775
47	0.5665282
48	0.56840014
49	0.573703
50	0.57619655
51	0.5771145
52	0.5794821
53	0.58019274
54	0.58134246
55	0.58559346
56	0.58632815
57	0.58768505
58	0.5886792
59	0.5889104
60	0.58901095
61	0.59057033
62	0.59211415
63	0.5928648
64	0.59376717
65	0.59753555
66	0.5985143
67	0.60538304
68	0.6054224
69	0.60717696
70	0.60728854
71	0.609982
72	0.61180747
73	0.6149141
74	0.61778533
75	0.61839
76	0.6288934
77	0.62977785
78	0.6308326
79	0.63150394
80	0.6324725
81	0.6347979
82	0.6397241
83	0.6399113
84	0.64560485
85	0.64955854
86	0.64995384
87	0.65449417
88	0.6555325
89	0.6560796
90	0.65780246
91	0.66814566
92	0.6696094
93	0.6809317
94	0.68282306
95	0.69243467
96	0.69512594
97	0.69536114
98	0.7036252
99	0.7084989
100	0.7141898
101	0.71768945
102	0.7187324
103	0.7212231
104	0.7302629
105	0.73073953
106	0.74371946
107	0.74464846
108	0.7473717
109	0.750851
110	0.7509185
111	0.7513658
112	0.75306946
113	0.7533998
114	0.75411916
115	0.75436336
116	0.75739753
117	0.7573991
118	0.757871
119	0.75800526
120	0.7589392
121	0.75989044
122	0.76195383
123	0.7633132
124	0.7634636
125	0.7634915
126	0.7635647
127	0.76360905
128	0.7636498
129	0.7645769
130	0.76480436
131	0.76715976
132	0.7679506
133	0.7692617
134	0.7733368
135	0.77399427
136	0.77616334
137	0.77741927
138	0.77823627
139	0.78322786
140	0.7836644
141	0.78420913
142	0.7876826
143	0.78803796
144	0.79016554
145	0.790602
146	0.81247884
147	0.8308366
148	0.83456695
149	0.8417867
150	0.87738997
151	0.90911746
152	0.9138361
153	0.9145271
154	0.9156136
155	0.9162935
156	0.916333
157	0.91855055
158	0.91883254
159	0.91919136
160	0.9197506
161	0.9200655
162	0.92037666
163	0.92049015
164	0.9210704
165	0.9210855
166	0.921535
167	0.9216718
168	0.9218575
169	0.92188793
170	0.9219846
171	0.9222104
172	0.9222374
173	0.92249274
174	0.9225687
175	0.9227782
176	0.9228401
177	0.9231382
178	0.92360455
179	0.9248843
180	0.9255939
181	0.9262895
182	0.9265397
183	0.92666465
184	0.9269664
185	0.9269855
186	0.9272035
187	0.92760223
188	0.927608
189	0.9276131
190	0.92776364
191	0.92804277
192	0.9281217
193	0.92813
194	0.92840874
195	0.92858845
196	0.92902553
197	0.92908216
198	0.92920375
199	0.9294876
200	0.9294924
201	0.93014574
202	0.93030643
203	0.930359
204	0.930371
205	0.9306057
206	0.93062836
207	0.9309821
208	0.93105775
209	0.9315945
210	0.9316324
211	0.93218166
212	0.932787
213	0.93304455
214	0.93343395
215	0.9343771
216	0.93463063
217	0.93484247
218	0.9350901
219	0.93533665
220	0.9356999
221	0.93625283
222	0.93663317
223	0.9368448
224	0.93726945
225	0.93781465
226	0.93809205
227	0.9381812
228	0.9385731
229	0.9385955
230	0.93862945
231	0.9386795
232	0.93875664
233	0.9387608
234	0.9389763
235	0.93974733
236	0.9398603
237	0.9398625
238	0.93988883
239	0.94013417
240	0.94031745
241	0.9403246
242	0.940444
243	0.9415473
244	0.94158447
245	0.9416433
246	0.94222385
247	0.9423699
248	0.9431054
249	0.94371176
250	0.9438239
251	0.94455117
252	0.94572985
253	0.94575965
254	0.9459885
255	0.94629526
256	0.9465184
257	0.94652975
258	0.94653577
259	0.9474038
260	0.9475064
261	0.94768625
262	0.94770724
263	0.94807696
264	0.9481194
265	0.94822115
266	0.9486945
267	0.94894075
268	0.9491821
269	0.94978607
270	0.9498252
271	0.95032865
272	0.95060366
273	0.9511742
274	0.95224535
275	0.952435
276	0.95261216
277	0.9526253
278	0.9526929
279	0.95281184
280	0.9528133
281	0.95300484
282	0.95307416
283	0.95389915
284	0.9539132
285	0.954062
286	0.95420206
287	0.9545223
288	0.9545913
289	0.95569956
290	0.9557978
291	0.95588976
292	0.956101
293	0.9562988
294	0.9564704
295	0.9567575
296	0.956944
297	0.95754945
298	0.95760584
299	0.95803535
300	0.9588538
301	0.9594223
302	0.9594368
303	0.9596396
304	0.9596891
305	0.9597501
306	0.9606486
307	0.96067595
308	0.9609536
309	0.96101516
310	0.961357
311	0.9619751
312	0.96299803
313	0.9630029
314	0.96300995
315	0.96333635
316	0.96338904
317	0.96398145
318	0.9642938
319	0.9644206
320	0.9645475
321	0.9647965
322	0.964815
323	0.9648759
324	0.9648928
325	0.96509576
326	0.96512777
327	0.9652894
328	0.9655485
329	0.9655716
330	0.9664458
331	0.9668416
332	0.9668577
333	0.96819013
334	0.96834093
335	0.9684658
336	0.9695638
337	0.9695872
338	0.9708369
339	0.971216
340	0.97219884
341	0.97248614
342	0.97287875
343	0.97294426
344	0.97353137
345	0.9744493
346	0.9747305
347	0.97660667
348	0.9768392
349	0.9784021
350	0.9801754
351	0.98019767
352	0.98033255
353	0.98133755
354	0.98157364
355	0.9818176
356	0.98272073
357	0.98319757
358	0.9834995
359	0.9835782
360	0.9847156
361	0.98498565
362	0.985581
363	0.98578936
364	0.9882112
365	1.0
