0	0.0
1	0.0037381207
2	0.06560359
3	0.066147834
4	0.06620118
5	0.067612655
6	0.06809481
7	0.070995905
8	0.07268601
9	0.07518141
10	0.07595025
11	0.07720812
12	0.077917
13	0.078957155
14	0.08044165
15	0.0814874
16	0.081607394
17	0.08196744
18	0.082417525
19	0.08325819
20	0.08478459
21	0.085079975
22	0.09075291
23	0.09679645
24	0.09921672
25	0.09968614
26	0.10280466
27	0.10510278
28	0.10630502
29	0.10880443
30	0.11060834
31	0.11396918
32	0.116252966
33	0.116269544
34	0.12413356
35	0.13025077
36	0.13200943
37	0.13874437
38	0.14256474
39	0.14271569
40	0.1438293
41	0.14383198
42	0.14576583
43	0.14659627
44	0.14993942
45	0.15311486
46	0.1547607
47	0.1559205
48	0.15742898
49	0.15927048
50	0.1598507
51	0.16172735
52	0.16190095
53	0.16205803
54	0.16216691
55	0.16224699
56	0.16240138
57	0.16252694
58	0.16275142
59	0.16351847
60	0.16392493
61	0.16467817
62	0.16513397
63	0.16547349
64	0.16583847
65	0.1663434
66	0.16641507
67	0.16670108
68	0.16761579
69	0.16799536
70	0.16833656
71	0.16853613
72	0.16887179
73	0.16892254
74	0.16911222
75	0.16933909
76	0.16947056
77	0.17020965
78	0.1702394
79	0.1703131
80	0.17064227
81	0.17132384
82	0.17157088
83	0.17190911
84	0.1720757
85	0.17323138
86	0.17357309
87	0.1736077
88	0.1737283
89	0.1742525
90	0.17609912
91	0.1763448
92	0.17957807
93	0.18027633
94	0.18032753
95	0.18041037
96	0.18153697
97	0.18204509
98	0.18300669
99	0.18392555
100	0.18518448
101	0.18555234
102	0.18592866
103	0.18612042
104	0.18824133
105	0.19188298
106	0.19342737
107	0.19476026
108	0.19488442
109	0.19604991
110	0.19644907
111	0.19775786
112	0.19795313
113	0.19850798
114	0.1993807
115	0.19950652
116	0.2000055
117	0.20547198
118	0.20573165
119	0.20740294
120	0.21905118
121	0.2191097
122	0.22029455
123	0.22180942
124	0.22499646
125	0.23275298
126	0.23772688
127	0.24096169
128	0.25058067
129	0.2606828
130	0.26315615
131	0.2648454
132	0.26799616
133	0.27261698
134	0.27288404
135	0.2746292
136	0.27933046
137	0.28381032
138	0.2900732
139	0.29041353
140	0.2972867
141	0.3008932
142	0.30224642
143	0.30259413
144	0.30519786
145	0.3073886
146	0.30983344
147	0.31202194
148	0.312775
149	0.3129865
150	0.31398612
151	0.31469235
152	0.3192778
153	0.32101113
154	0.3219918
155	0.32336447
156	0.3234222
157	0.32582653
158	0.3264036
159	0.3268788
160	0.329705
161	0.33041826
162	0.3304911
163	0.33145407
164	0.33164784
165	0.3321324
166	0.33363542
167	0.33367422
168	0.33455878
169	0.33458874
170	0.33473298
171	0.3348329
172	0.33520344
173	0.3356664
174	0.3361157
175	0.33650064
176	0.3367463
177	0.33675373
178	0.33701947
179	0.3371282
180	0.33746627
181	0.33816594
182	0.34000745
183	0.34043947
184	0.34068716
185	0.3417111
186	0.3424328
187	0.3430915
188	0.34312642
189	0.34328815
190	0.34482092
191	0.3454212
192	0.3454935
193	0.34561902
194	0.34622934
195	0.34691778
196	0.3470486
197	0.34737813
198	0.34832278
199	0.34850746
200	0.34865394
201	0.34905455
202	0.34925714
203	0.3496896
204	0.3499547
205	0.3510523
206	0.3520085
207	0.35315952
208	0.35375142
209	0.35380015
210	0.35408202
211	0.35426113
212	0.35469177
213	0.35473338
214	0.3551416
215	0.35741404
216	0.35744974
217	0.35782248
218	0.35836986
219	0.35865393
220	0.35928416
221	0.35978252
222	0.36026886
223	0.3607581
224	0.3608817
225	0.36094016
226	0.3611902
227	0.3612121
228	0.36167017
229	0.36187145
230	0.36428314
231	0.36493394
232	0.3697506
233	0.36982915
234	0.37165865
235	0.37280366
236	0.3734173
237	0.37395075
238	0.39535207
239	0.39738718
240	0.40003338
241	0.425503
242	0.42745405
243	0.4383107
244	0.4446119
245	0.48921415
246	0.49384815
247	0.50100815
248	0.5044288
249	0.50513154
250	0.5071896
251	0.5125626
252	0.5138769
253	0.51578504
254	0.5175301
255	0.5191053
256	0.51935816
257	0.51947254
258	0.5200144
259	0.52021164
260	0.52258605
261	0.52290463
262	0.5241727
263	0.5246819
264	0.5251419
265	0.52521414
266	0.52538854
267	0.5256084
268	0.5256308
269	0.5259622
270	0.5260733
271	0.5267823
272	0.5274735
273	0.5277258
274	0.5279966
275	0.5281183
276	0.5287578
277	0.5287986
278	0.5297969
279	0.5298642
280	0.52991396
281	0.53037995
282	0.53050596
283	0.53069353
284	0.5307611
285	0.5310971
286	0.5313656
287	0.53168195
288	0.5322103
289	0.5326952
290	0.5327201
291	0.53285575
292	0.5331174
293	0.53319776
294	0.5332399
295	0.5333577
296	0.53371006
297	0.53407866
298	0.53449816
299	0.53453285
300	0.5345381
301	0.5346666
302	0.535452
303	0.53562945
304	0.53576064
305	0.5359759
306	0.53617764
307	0.5362185
308	0.53623235
309	0.536398
310	0.5364676
311	0.5371071
312	0.5373457
313	0.53774476
314	0.5380827
315	0.5382656
316	0.53841454
317	0.53845465
318	0.53859586
319	0.5387468
320	0.53889763
321	0.5389063
322	0.5391592
323	0.5391672
324	0.53989434
325	0.5399961
326	0.5400602
327	0.54027313
328	0.54045814
329	0.5405248
330	0.54060775
331	0.5406803
332	0.5407132
333	0.54077774
334	0.5412251
335	0.54161125
336	0.5416486
337	0.5420573
338	0.54209656
339	0.54210204
340	0.542148
341	0.5424032
342	0.5425084
343	0.5431105
344	0.54436076
345	0.5445098
346	0.5448362
347	0.5448425
348	0.54484624
349	0.5448686
350	0.5449691
351	0.5457794
352	0.54586494
353	0.5461201
354	0.54619056
355	0.5463965
356	0.54666543
357	0.5469175
358	0.5472231
359	0.5478111
360	0.54833925
361	0.5483719
362	0.5485715
363	0.54885036
364	0.54928094
365	0.5493274
366	0.5496998
367	0.5499443
368	0.5520392
369	0.5522332
370	0.5526084
371	0.55277014
372	0.55356145
373	0.5536993
374	0.5537097
375	0.5542735
376	0.5544659
377	0.5546342
378	0.5550073
379	0.55534905
380	0.5555186
381	0.5558738
382	0.5559985
383	0.55621827
384	0.5563643
385	0.5568284
386	0.5586597
387	0.5587084
388	0.5589015
389	0.55941516
390	0.5596702
391	0.55998605
392	0.56036294
393	0.5607854
394	0.5639554
395	0.56447566
396	0.5645253
397	0.565405
398	0.5664534
399	0.5665085
400	0.5682125
401	0.5702008
402	0.5720661
403	0.5728824
404	0.5759164
405	0.57603973
406	0.57692224
407	0.5780116
408	0.57894146
409	0.5790027
410	0.579887
411	0.58056146
412	0.5821011
413	0.58281887
414	0.58330214
415	0.5838526
416	0.58472234
417	0.58640516
418	0.58660644
419	0.58668226
420	0.58685213
421	0.5876452
422	0.58924884
423	0.5893862
424	0.59023625
425	0.5919557
426	0.59201294
427	0.5930078
428	0.59338605
429	0.5934202
430	0.5936347
431	0.5937637
432	0.59461457
433	0.59503484
434	0.59522134
435	0.5955259
436	0.59591514
437	0.5961509
438	0.59738237
439	0.5977275
440	0.5981817
441	0.59851235
442	0.5993634
443	0.5997208
444	0.6001494
445	0.6003969
446	0.60069597
447	0.60161805
448	0.6016591
449	0.60203
450	0.6021214
451	0.60252476
452	0.60265356
453	0.6030708
454	0.60402507
455	0.6040542
456	0.60465246
457	0.6059371
458	0.6061558
459	0.6063976
460	0.60759586
461	0.60829264
462	0.60927147
463	0.6107824
464	0.611296
465	0.61148965
466	0.6125695
467	0.6126955
468	0.6140715
469	0.6144402
470	0.6156501
471	0.61612314
472	0.6174174
473	0.61859065
474	0.62065065
475	0.6215409
476	0.6278421
477	0.6302133
478	0.630465
479	0.6328906
480	0.63292825
481	0.63400495
482	0.6345151
483	0.6420713
484	0.64210105
485	0.6421685
486	0.64280134
487	0.65126044
488	0.65375894
489	0.65563065
490	0.6585187
491	0.6625646
492	0.66379756
493	0.66591036
494	0.66812086
495	0.6690075
496	0.67288023
497	0.6742666
498	0.6753103
499	0.6754612
500	0.6758342
501	0.6771494
502	0.6784089
503	0.6801192
504	0.6828626
505	0.685986
506	0.6872557
507	0.68871415
508	0.6895099
509	0.69033986
510	0.69242054
511	0.69274986
512	0.6951893
513	0.6963246
514	0.70811313
515	0.8122231
516	0.81236255
517	0.8136874
518	0.8155728
519	0.8175027
520	0.8200721
521	0.82311064
522	0.82324445
523	0.8240898
524	0.8244393
525	0.82468355
526	0.8246848
527	0.8252126
528	0.82557654
529	0.8276932
530	0.82803357
531	0.8281492
532	0.828835
533	0.82899946
534	0.8299999
535	0.8302274
536	0.83187807
537	0.8320984
538	0.8327994
539	0.8328203
540	0.83353126
541	0.83459854
542	0.8353485
543	0.8359151
544	0.8377432
545	0.83887476
546	0.83894587
547	0.83909065
548	0.8393252
549	0.84048927
550	0.84145194
551	0.8425786
552	0.84270054
553	0.84286445
554	0.84358495
555	0.84520894
556	0.8460913
557	0.8466448
558	0.8496094
559	0.85028666
560	0.85046357
561	0.8510583
562	0.85352486
563	0.8539113
564	0.85438126
565	0.85445625
566	0.8557363
567	0.856675
568	0.85833055
569	0.8608109
570	0.8610705
571	0.8613517
572	0.86148995
573	0.8617083
574	0.8620264
575	0.8636281
576	0.8647126
577	0.86643267
578	0.86716986
579	0.86858934
580	0.8688471
581	0.8688963
582	0.87043667
583	0.8709164
584	0.8717233
585	0.87251216
586	0.87319255
587	0.8734312
588	0.87379897
589	0.8747436
590	0.876466
591	0.87662864
592	0.87699157
593	0.87748635
594	0.8775635
595	0.87986565
596	0.8799158
597	0.8803837
598	0.88164496
599	0.88294995
600	0.8829853
601	0.8834757
602	0.8838667
603	0.88469744
604	0.8856138
605	0.8857785
606	0.88677263
607	0.8907879
608	0.8927734
609	0.8949681
610	0.8953597
611	0.89564466
612	0.8959946
613	0.9000673
614	0.9004445
615	0.90167814
616	0.9027508
617	0.9044289
618	0.90696126
619	0.9073994
620	0.9080984
621	0.90822566
622	0.9097377
623	0.91039
624	0.9106407
625	0.91087544
626	0.9152202
627	0.91600835
628	0.91880995
629	0.9237967
630	0.92653656
631	0.9269626
632	0.9272625
633	0.93334556
634	0.9358626
635	0.93670726
636	0.9376889
637	0.93827045
638	0.93886423
639	0.94275934
640	0.9430662
641	0.94336915
642	0.9439727
643	0.94542974
644	0.9465783
645	0.9557603
646	0.95778775
647	0.96181864
648	0.96617436
649	0.9689417
650	0.9691893
651	0.97336715
652	0.9748659
653	0.9751599
654	0.97695184
655	0.9795047
