0	0.0
1	0.01938113
2	0.02396643
3	0.044381768
4	0.04818187
5	0.049439322
6	0.05273365
7	0.05456382
8	0.055675376
9	0.05646053
10	0.05688213
11	0.06094639
12	0.067593314
13	0.06792318
14	0.06807605
15	0.069216296
16	0.06936831
17	0.072468586
18	0.077059746
19	0.087333865
20	0.091707334
21	0.09542855
22	0.09605341
23	0.096158676
24	0.09862977
25	0.09880662
26	0.099315174
27	0.099455096
28	0.10173154
29	0.10445436
30	0.10473792
31	0.10580682
32	0.10637223
33	0.10674217
34	0.10674866
35	0.1074154
36	0.10758136
37	0.10799973
38	0.10806689
39	0.10838528
40	0.10844805
41	0.10851811
42	0.10907589
43	0.10998882
44	0.11035789
45	0.11040507
46	0.11169212
47	0.11171142
48	0.11221523
49	0.112978555
50	0.113516815
51	0.114304684
52	0.1144714
53	0.115373366
54	0.11649352
55	0.11716809
56	0.117361605
57	0.11777999
58	0.11875731
59	0.11884237
60	0.11941168
61	0.11973316
62	0.12060125
63	0.12153757
64	0.122156054
65	0.12247518
66	0.12270511
67	0.122755565
68	0.123642616
69	0.1241068
70	0.124913394
71	0.12504901
72	0.12505531
73	0.12547702
74	0.12590078
75	0.1269515
76	0.1280151
77	0.12840691
78	0.12841976
79	0.1285336
80	0.12859793
81	0.12995125
82	0.13032936
83	0.13154238
84	0.13173923
85	0.13187444
86	0.13199839
87	0.13221519
88	0.13237399
89	0.13241178
90	0.13241817
91	0.1325669
92	0.13257608
93	0.13274977
94	0.13283382
95	0.13318104
96	0.1334666
97	0.13388954
98	0.13424651
99	0.1342935
100	0.1351685
101	0.13549584
102	0.1360439
103	0.13606212
104	0.13646558
105	0.13685851
106	0.1369919
107	0.1372808
108	0.13747576
109	0.13763466
110	0.13793886
111	0.13836914
112	0.13837707
113	0.13888147
114	0.1389386
115	0.13908303
116	0.13911428
117	0.13937943
118	0.13984175
119	0.1400292
120	0.14022322
121	0.14114238
122	0.1419916
123	0.14323974
124	0.14386918
125	0.14473468
126	0.14488317
127	0.14535083
128	0.14557394
129	0.15142539
130	0.15311651
131	0.15401274
132	0.15406494
133	0.1569331
134	0.15699881
135	0.15989122
136	0.1606904
137	0.16089341
138	0.16120416
139	0.16671729
140	0.1722231
141	0.17266576
142	0.17404673
143	0.1741549
144	0.17697538
145	0.17814064
146	0.17887506
147	0.17890915
148	0.18064848
149	0.1807961
150	0.1809916
151	0.18147308
152	0.18204348
153	0.18286376
154	0.18311718
155	0.18321964
156	0.1844563
157	0.18458031
158	0.18499935
159	0.18503615
160	0.18535013
161	0.18569651
162	0.1857799
163	0.18602398
164	0.18672189
165	0.18697302
166	0.18702927
167	0.18706141
168	0.18799981
169	0.18838486
170	0.18846807
171	0.18942124
172	0.18952039
173	0.1902579
174	0.19082223
175	0.19097148
176	0.19098285
177	0.19121315
178	0.19126086
179	0.19133197
180	0.19185388
181	0.19208829
182	0.19226079
183	0.19236647
184	0.19292536
185	0.19296467
186	0.19372255
187	0.19429825
188	0.19439779
189	0.19459511
190	0.19482006
191	0.19504346
192	0.19507691
193	0.19532183
194	0.1954488
195	0.19560832
196	0.19586067
197	0.19600472
198	0.19639021
199	0.19641568
200	0.19651358
201	0.1965841
202	0.19735567
203	0.19755167
204	0.19758622
205	0.19767822
206	0.19788724
207	0.19789502
208	0.19825508
209	0.19826463
210	0.1985021
211	0.1986202
212	0.1992258
213	0.1993172
214	0.19934723
215	0.19957848
216	0.19994502
217	0.19994502
218	0.2002589
219	0.20052293
220	0.20109904
221	0.201236
222	0.20123892
223	0.20138773
224	0.2015301
225	0.20176908
226	0.20193215
227	0.2019364
228	0.20223628
229	0.20229372
230	0.20256303
231	0.20294945
232	0.20295344
233	0.20297502
234	0.20314887
235	0.20353533
236	0.20357606
237	0.20433548
238	0.20473021
239	0.20534705
240	0.20654464
241	0.20666713
242	0.20721437
243	0.20748423
244	0.20789349
245	0.2088815
246	0.20913476
247	0.21202774
248	0.21217743
249	0.2125627
250	0.21320045
251	0.21382824
252	0.21417432
253	0.214353
254	0.21507399
255	0.21515472
256	0.21826819
257	0.21901321
258	0.21979181
259	0.22216333
260	0.22226408
261	0.22235082
262	0.2223698
263	0.22247823
264	0.22265565
265	0.22332528
266	0.22336693
267	0.22342119
268	0.22357783
269	0.22387555
270	0.22409639
271	0.22417253
272	0.22561458
273	0.22625916
274	0.22729978
275	0.22765796
276	0.22774594
277	0.22831134
278	0.22859581
279	0.22899543
280	0.23042345
281	0.2310525
282	0.23148786
283	0.23208535
284	0.23227808
285	0.23298927
286	0.233344
287	0.23375022
288	0.2339855
289	0.23474367
290	0.2354538
291	0.2381678
292	0.23884632
293	0.24003217
294	0.24043576
295	0.24143043
296	0.24150312
297	0.24156661
298	0.2420071
299	0.24220861
300	0.243173
301	0.2441344
302	0.24507813
303	0.24548265
304	0.24672447
305	0.24673353
306	0.24681002
307	0.24725689
308	0.24734043
309	0.24883981
310	0.24920188
311	0.24926825
312	0.2514671
313	0.25193256
314	0.2530396
315	0.25371474
316	0.25385574
317	0.25393283
318	0.2557524
319	0.25590488
320	0.25671503
321	0.25735348
322	0.25829458
323	0.25844648
324	0.25954923
325	0.26072183
326	0.2614199
327	0.2619471
328	0.26235142
329	0.26256225
330	0.26466745
331	0.26537326
332	0.2670346
333	0.2684321
334	0.2684944
335	0.26869857
336	0.2687905
337	0.27042785
338	0.270553
339	0.27100945
340	0.2713595
341	0.27208865
342	0.27272475
343	0.27326837
344	0.27387044
345	0.27488866
346	0.2753711
347	0.27605584
348	0.2767846
349	0.27724147
350	0.2778528
351	0.27789265
352	0.27801964
353	0.27808854
354	0.27810976
355	0.27822247
356	0.2782524
357	0.27833766
358	0.2784938
359	0.27850464
360	0.27861962
361	0.27931473
362	0.27956286
363	0.27965644
364	0.28003222
365	0.28004926
366	0.28006843
367	0.28011054
368	0.28022587
369	0.28053066
370	0.28091535
371	0.28102767
372	0.28114858
373	0.28136975
374	0.2817239
375	0.28205815
376	0.28214815
377	0.28242737
378	0.28306845
379	0.28440526
380	0.2855125
381	0.28599897
382	0.28650054
383	0.28699058
384	0.28724918
385	0.28786904
386	0.28892493
387	0.28914878
388	0.2895633
389	0.28996393
390	0.29087138
391	0.29127342
392	0.29129314
393	0.29177997
394	0.29261482
395	0.2927455
396	0.29376093
397	0.29380196
398	0.2940733
399	0.29434377
400	0.29467145
401	0.29485595
402	0.29489067
403	0.29573527
404	0.29590896
405	0.29595616
406	0.29667342
407	0.29726088
408	0.2974715
409	0.29983458
410	0.29988515
411	0.30088803
412	0.3022344
413	0.30238476
414	0.30247054
415	0.303243
416	0.3038591
417	0.3042533
418	0.3043191
419	0.30529973
420	0.3054582
421	0.30577755
422	0.30680415
423	0.30699497
424	0.30755183
425	0.3075734
426	0.30758703
427	0.30760333
428	0.30770063
429	0.30781588
430	0.3079712
431	0.30803493
432	0.3082108
433	0.3082673
434	0.30835038
435	0.30851066
436	0.30857638
437	0.30866453
438	0.3093156
439	0.30931967
440	0.30935383
441	0.30937746
442	0.30948684
443	0.30974394
444	0.3098284
445	0.30984992
446	0.3099247
447	0.3099775
448	0.31045505
449	0.3107188
450	0.31091046
451	0.31101727
452	0.31112012
453	0.31116447
454	0.3111926
455	0.31131804
456	0.3113744
457	0.31140217
458	0.3114864
459	0.31223768
460	0.31238145
461	0.31247583
462	0.31250143
463	0.3125523
464	0.31256178
465	0.31275615
466	0.31285456
467	0.31291354
468	0.31306762
469	0.31308976
470	0.31324393
471	0.31364343
472	0.3136562
473	0.313745
474	0.31382823
475	0.31383887
476	0.31386364
477	0.3140594
478	0.31418705
479	0.31422213
480	0.31430945
481	0.3144617
482	0.31447437
483	0.31470025
484	0.31472337
485	0.3147395
486	0.31476402
487	0.31478435
488	0.31486928
489	0.31504104
490	0.3151518
491	0.31536293
492	0.3155892
493	0.31583226
494	0.31585452
495	0.3162773
496	0.3175435
497	0.31755623
498	0.31770036
499	0.3189162
500	0.31892034
501	0.31976607
502	0.3199241
503	0.31992668
504	0.32016775
505	0.3203961
506	0.32088724
507	0.32194704
508	0.3226224
509	0.32292905
510	0.32334125
511	0.32357395
512	0.32391274
513	0.324104
514	0.32417536
515	0.32565755
516	0.32592985
517	0.3263651
518	0.32741237
519	0.32807344
520	0.3281665
521	0.32826698
522	0.32853806
523	0.32922205
524	0.33056575
525	0.33076143
526	0.3312501
527	0.33191398
528	0.3337545
529	0.33410078
530	0.3344365
531	0.33459058
532	0.3357514
533	0.33766228
534	0.33771864
535	0.3387629
536	0.3393153
537	0.33947393
538	0.3404408
539	0.34124961
540	0.34239945
541	0.34340587
542	0.34393495
543	0.34529352
544	0.34648982
545	0.34676993
546	0.34806874
547	0.34964842
548	0.35271692
549	0.35343555
550	0.3547878
551	0.35646296
552	0.3570042
553	0.35705742
554	0.3584264
555	0.35972163
556	0.3608273
557	0.36086214
558	0.3611795
559	0.36175337
560	0.36364752
561	0.3648317
562	0.3685912
563	0.36946416
564	0.36992118
565	0.37361905
566	0.3745665
567	0.37510285
568	0.37575397
569	0.37929878
570	0.37937585
571	0.3804782
572	0.38319525
573	0.38562733
574	0.3858808
575	0.38671213
576	0.39371914
577	0.39740458
578	0.39840177
579	0.40004435
580	0.40106475
581	0.40125045
582	0.4013732
583	0.40250623
584	0.4026722
585	0.40303722
586	0.403318
587	0.40369207
588	0.40439236
589	0.40743554
590	0.40906897
591	0.4109745
592	0.41511372
593	0.41781938
594	0.4305888
595	0.43107578
596	0.4317242
597	0.43480796
