-0.05126224953602603	-0.10431404281759392	-0.12154263950689863	-0.12604715854149792	-0.11829261597094226	-0.10792595313669122	-0.09038061759987931	-0.06640163955419044	-0.038734242552286344	-0.017510068280873228	-0.025728369213836328	0.04051144655333701	0.07311890373725603	0.0732283102807209	0.04914371679617176	0.008725161042176575	-0.03812557737000442	-0.07609778465399131
-1.191153488092963	-0.044450688267871234	-0.17370087285353566	-0.23606727698766847	-0.23547820603695113	-0.21713893341710433	-0.1753751598533002	-0.125451368693415	-0.0724882354455353	-0.037697529994740034	-0.7977610059078412	0.2739877386550141	0.8490504723612882	1.0951345156481254	1.0219942259230081	0.771601507583	0.45675002914140667	0.16574192530675594
-0.7258907642844282	0.3905910459601385	0.35322052233637474	0.3195102205797416	0.28790982322066877	0.2605467219503092	0.22342233590576407	0.16699322368751085	0.09812159518902948	0.040558237622163776	-0.5095860465075238	0.09178647368981492	0.4252838664399047	0.6203712037323398	0.6535973683345948	0.6078410790252301	0.5366946066053142	0.44996316339620424
-0.1530071438323489	0.770317689920425	0.8236447780981262	0.8189723926590167	0.757693946380814	0.687666928540599	0.5780042521152663	0.4260854946728569	0.24877018865127457	0.11016616652322558	-0.14029573847279872	-0.08116234865212862	-0.028882605741280154	0.09033331038636258	0.22284003159874655	0.3824548480036355	0.5569518965791848	0.6778227064030874
0.36655693943325246	1.0157642317308782	1.1385596742046704	1.1572202678742904	1.0757512172368253	0.9758261163430969	0.8157259889107663	0.5990762531127655	0.3489978987917907	0.1569508997865185	0.20260750883648465	-0.21025658189268964	-0.40478312976046066	-0.36345449097702637	-0.1604606022703166	0.1572436018538286	0.521931611397074	0.805309263251848
0.7844999349766166	1.1773507086734947	1.351369543322641	1.3876963239712365	1.292416935002548	1.171626728832129	0.9765210781907885	0.7157367626233045	0.41641180019289975	0.1886526317823232	0.4813589646363732	-0.30395084603509404	-0.6939885598469684	-0.7185905886678607	-0.46599382432346154	-0.031355691391450106	0.4744782527782295	0.879201663252159
0.9723462226973622	1.1565292438539099	1.3441900571702943	1.3874164628307015	1.293046433147421	1.171487321752379	0.9746693400669271	0.7135320024685944	0.4147677414611608	0.18863550569056817	0.6119844761039537	-0.32884272537446557	-0.8027930255633036	-0.8670588463769959	-0.6096187588181584	-0.14644075949302904	0.39566212876985635	0.8344802623082673
0.8658910275267591	0.9296514004003354	1.0872156516451006	1.1249350400322733	1.0486778725750852	0.9497216539653265	0.7894042366333782	0.5775368475365317	0.33555046150273704	0.15290125136344251	0.5502942151055894	-0.2760723182580937	-0.6946090154542697	-0.7628784700637816	-0.552154258777434	-0.16496301213153247	0.2893245153534557	0.6589056430942029
0.6421489544847058	0.6138425560491271	0.7235096177186658	0.7509108855497547	0.7002305086036538	0.6338542881117657	0.5262329092077488	0.3846950840110155	0.22337343924111017	0.10202940865491694	0.41209432010334907	-0.19214294092094464	-0.4998966780779913	-0.5588592737675514	-0.4165526094884546	-0.1484545767788093	0.1670063535502292	0.4251334696838704
0.35386887093237457	0.3091382824864073	0.36686436029217634	0.3817851845073316	0.356138293860153	0.32226999204867685	0.2672966393888545	0.19527855058062996	0.1133347662402209	0.05187386330614406	0.22858943700281112	-0.10120964686107334	-0.2698666327945918	-0.30560433948605215	-0.23254901042655507	-0.09209853008560445	0.07355304662314666	0.20973253596042166
0.8622476681390139	0.13892624694836644	0.19508816397531598	0.20962925246525027	0.1877405504676648	0.1595216084691041	0.12190359713236336	0.08433227494730917	0.04611275381717528	0.023006146700288898	0.6121568454993741	-0.05262285477341755	-0.4038329582801744	-0.54473645483719	-0.491205505216035	-0.33053578183730903	-0.13756683413877355	0.025934232261554915
2.4847310505968827	0.3788795657331239	0.5257415825826922	0.5583866620534543	0.49266384556184883	0.41129017071883056	0.30809663422901346	0.2101301974550386	0.11268307705206454	0.05675536443005877	1.7725014616959243	-0.11533816094842972	-1.1114505939494013	-1.512390785891229	-1.3643977434877577	-0.9152340618236098	-0.37923251136059	0.0707745542970033
2.9808578018308363	0.3436981462130718	0.49465923083273977	0.5231323762458306	0.44863360251821693	0.35955336204400906	0.254833981985559	0.16658797719574533	0.08436976919352135	0.04493788645104112	2.143764278675099	-0.07249456160108886	-1.2433080631758298	-1.728512050708812	-1.5765923943486515	-1.0791502534671564	-0.48672113171880804	0.008829659152057018
2.352478865879344	0.033233054723596694	0.09467674704554054	0.09198657874493904	0.04171722930304403	-0.0104628568921265	-0.051432096819531224	-0.056731984004096035	-0.04534469227974637	-0.01557828054615323	1.73291952131048	0.09904259301827957	-0.7671094773466908	-1.1573015434088219	-1.0945123475741703	-0.7953929435215445	-0.44219488012221386	-0.15196010534688364
1.306418509484956	-0.26801249003234184	-0.30879295382345456	-0.3441783638818674	-0.3633461539522421	-0.3710908701967285	-0.3427026118475314	-0.26583948783978134	-0.16475853611729918	-0.07242003049303936	1.0164264302710235	0.26187775583573014	-0.14159250281056768	-0.3641079161680859	-0.4001746099939726	-0.35201368389348453	-0.30099461308413367	-0.2692116248709744
-0.05580234638386405	-0.5744913488936568	-0.7309582419494236	-0.8020846446325606	-0.7847715443473758	-0.7415550328514294	-0.637274431993668	-0.47515150100232983	-0.28293504802493025	-0.1294934300887566	0.07135675137439981	0.4289396684551215	0.6119379628830154	0.6122134854665298	0.4667035838838313	0.21847868459159286	-0.08733076607262438	-0.36064182712016357
-0.9754057119244399	-0.6024422841387574	-0.8099660435591928	-0.8971846517039477	-0.8662960200219367	-0.8041428444456863	-0.6770809220430704	-0.4986623338714882	-0.29333953719476885	-0.13675750800953435	-0.5842520703990092	0.47852156032035154	1.0370088172644023	1.2019875330816308	1.0194215157162936	0.6257901365548236	0.14325796675912073	-0.28375757877678653
-1.2361845253921022	-0.3543007843046322	-0.534633453026073	-0.6129421524829418	-0.5931832756152331	-0.5474656089737737	-0.45518642616846683	-0.33248274689566915	-0.19434590665068827	-0.0927936862668309	-0.7978404342202922	0.39209743529694857	1.0235905309398172	1.2541397351529575	1.114915981212826	0.7611935407225762	0.3243875753988089	-0.06711095720062678
