0	0.0
1	0.00039859253
2	0.0004367979
3	0.000505524
4	0.000964246
5	0.0011040252
6	0.0018107479
7	0.004780771
8	0.013162692
9	0.01393141
10	0.019917587
11	0.022538625
12	0.02516436
13	0.026415385
14	0.02664419
15	0.029231472
16	0.029584164
17	0.0308985
18	0.0322414
19	0.03295551
20	0.035166502
21	0.038154326
22	0.038955737
23	0.039195724
24	0.03930464
25	0.039422855
26	0.039433233
27	0.040296104
28	0.043379843
29	0.04351529
30	0.04370387
31	0.04423786
32	0.045214914
33	0.04588259
34	0.047467537
35	0.047978133
36	0.048924875
37	0.049169894
38	0.049448166
39	0.04969692
40	0.05080877
41	0.05146053
42	0.05279561
43	0.053999845
44	0.054531947
45	0.054747675
46	0.055127744
47	0.056706768
48	0.057046503
49	0.058157608
50	0.05859521
51	0.05988461
52	0.059944227
53	0.060076248
54	0.060471613
55	0.061891545
56	0.06229998
57	0.062856786
58	0.063062295
59	0.063064575
60	0.064125165
61	0.06448357
62	0.064670235
63	0.06558942
64	0.066543534
65	0.082862
66	0.10486582
67	0.1248957
68	0.12583768
69	0.13043074
70	0.13262938
71	0.13321163
72	0.13344678
73	0.14013451
74	0.14027296
75	0.14077236
76	0.14079604
77	0.1409222
78	0.14273573
79	0.14277382
80	0.14295882
81	0.1440546
82	0.14476259
83	0.14515167
84	0.14526059
85	0.14599918
86	0.14603148
87	0.14628193
88	0.1466847
89	0.1471984
90	0.14749959
91	0.14770448
92	0.14771533
93	0.14778502
94	0.14788495
95	0.14792271
96	0.14805005
97	0.14863221
98	0.14864382
99	0.14876296
100	0.14880042
101	0.14885877
102	0.14893588
103	0.14926356
104	0.14929968
105	0.14956693
106	0.14961568
107	0.15011215
108	0.15031399
109	0.15037593
110	0.15212683
111	0.15326408
112	0.15479887
113	0.15550996
114	0.15630142
115	0.15672262
116	0.15867957
117	0.15916288
118	0.16044098
119	0.16169569
120	0.16172771
121	0.16455789
122	0.16535227
123	0.17306685
124	0.17632337
125	0.17652269
126	0.17823783
127	0.18113717
128	0.18153287
129	0.18356997
130	0.18448652
131	0.18511122
132	0.18566962
133	0.18606077
134	0.18734275
135	0.18922661
136	0.1893365
137	0.19222157
138	0.19616139
139	0.19802848
140	0.19960138
141	0.20240079
142	0.20414501
143	0.20695733
144	0.20719302
145	0.20733005
146	0.21074274
147	0.2126847
148	0.21376951
149	0.21454059
150	0.214727
151	0.2152313
152	0.21542
153	0.21864146
154	0.21971577
155	0.22028913
156	0.22038908
157	0.22385184
158	0.22417966
159	0.22418976
160	0.22435825
161	0.22436757
162	0.22541904
163	0.22670302
164	0.22681093
165	0.2270313
166	0.2277988
167	0.22813702
168	0.22910917
169	0.22916988
170	0.22979859
171	0.2309653
172	0.23124667
173	0.23159431
174	0.23218149
175	0.2326911
176	0.2327884
177	0.23322155
178	0.23470053
179	0.23530063
180	0.23538798
181	0.23554955
182	0.23571086
183	0.23628576
184	0.23689398
185	0.23870005
186	0.2400896
187	0.24099484
188	0.24133253
189	0.2415889
190	0.24309456
191	0.24737181
192	0.25091338
193	0.25121272
194	0.25360578
195	0.2542658
196	0.25985238
197	0.26322982
198	0.2638336
199	0.26844132
200	0.27289006
201	0.27433065
202	0.2755887
203	0.27619296
204	0.2784776
205	0.28173316
206	0.28811178
207	0.28928256
208	0.29040557
209	0.29053095
210	0.29056746
211	0.29110572
212	0.29157218
213	0.29247653
214	0.29352507
215	0.29428262
216	0.29525092
217	0.29536924
218	0.29558074
219	0.29568982
220	0.2957417
221	0.29578093
222	0.29607323
223	0.29766002
224	0.29808745
225	0.29811645
226	0.2981869
227	0.29833937
228	0.29901603
229	0.29901713
230	0.2992723
231	0.29933873
232	0.29952046
233	0.29953405
234	0.299614
235	0.2997782
236	0.29979354
237	0.30026126
238	0.30062622
239	0.30083126
240	0.30098706
241	0.30113164
242	0.30168366
243	0.30183023
244	0.30259404
245	0.30293888
246	0.3034697
247	0.30352047
248	0.30355704
249	0.30560938
250	0.30626965
251	0.3063474
252	0.31276673
253	0.31292257
254	0.31411955
255	0.3147641
256	0.3216827
257	0.32644197
258	0.33742365
259	0.34348175
260	0.34570327
261	0.3500043
262	0.35598078
263	0.3560184
264	0.35937968
265	0.36428213
266	0.36723664
267	0.3700013
268	0.37631062
269	0.37657985
270	0.38068482
271	0.38086456
272	0.38293028
273	0.3848773
274	0.3868957
275	0.3872338
276	0.38898608
277	0.38902444
278	0.3896924
279	0.39096943
280	0.39099282
281	0.3915908
282	0.39176837
283	0.39229852
284	0.39255804
285	0.3936432
286	0.39369643
287	0.39672568
288	0.39676312
289	0.3975906
290	0.39791057
291	0.39793158
292	0.39821213
293	0.39858097
294	0.39933997
295	0.39961526
296	0.40087822
297	0.40131855
298	0.4014479
299	0.4019908
300	0.40206224
301	0.40211603
302	0.40222812
303	0.40238714
304	0.40255445
305	0.40333697
306	0.40459904
307	0.40510884
308	0.4060519
309	0.40687585
310	0.4069238
311	0.40709496
312	0.40726966
313	0.40728524
314	0.40869683
315	0.4089278
316	0.41109324
317	0.41170597
318	0.41369748
319	0.41567186
320	0.4183307
321	0.42020327
322	0.42040557
323	0.4218119
324	0.42738065
325	0.42851925
326	0.4411904
327	0.44657785
328	0.4548813
329	0.45568728
330	0.46222442
331	0.4626869
332	0.4626934
333	0.46455148
334	0.46513802
335	0.4689739
336	0.4697192
337	0.4725542
338	0.47539285
339	0.47716525
340	0.4776054
341	0.47937208
342	0.4797367
343	0.48134986
344	0.481526
345	0.4819206
346	0.48205596
347	0.48265973
348	0.48351598
349	0.4845421
350	0.48503393
351	0.48533052
352	0.48564094
353	0.48611864
354	0.4862044
355	0.486215
356	0.4864201
357	0.4867389
358	0.48694277
359	0.48736498
360	0.4874673
361	0.4877438
362	0.487814
363	0.48787478
364	0.48792434
365	0.4889864
366	0.4890786
367	0.4896747
368	0.4897133
369	0.4904817
370	0.4912006
371	0.4917791
372	0.49198005
373	0.49248818
374	0.49281552
375	0.49319747
376	0.49357218
377	0.49443713
378	0.49486142
379	0.4956209
380	0.49719268
381	0.4976637
382	0.49909252
383	0.4995898
384	0.501879
385	0.50221187
386	0.5038294
387	0.50864124
388	0.5108582
389	0.5109366
390	0.51141375
391	0.51565194
392	0.52029014
393	0.52410555
394	0.52607405
395	0.5271431
396	0.52747226
397	0.52767557
398	0.5340165
399	0.5362304
400	0.5370794
401	0.5377254
402	0.53854835
403	0.5391606
404	0.5398096
405	0.5419013
406	0.5435494
407	0.54502606
408	0.54694885
409	0.5469767
410	0.54716355
411	0.5478888
412	0.5486482
413	0.54871696
414	0.54877687
415	0.5493557
416	0.5505026
417	0.55104446
418	0.5513719
419	0.55183214
420	0.5519236
421	0.55214745
422	0.5522259
423	0.55240184
424	0.5527725
425	0.55416316
426	0.55416787
427	0.5545296
428	0.5547379
429	0.55482996
430	0.5550821
431	0.55593115
432	0.5567202
433	0.5578643
434	0.5588738
435	0.56042767
436	0.56050295
437	0.5607314
438	0.564099
439	0.5666476
440	0.568531
441	0.5699973
442	0.57693154
443	0.58127075
444	0.5875316
445	0.5991678
446	0.60187787
447	0.60251534
448	0.60473835
449	0.60644984
450	0.60760295
451	0.6122089
452	0.61623263
453	0.61960304
454	0.622469
455	0.623675
456	0.6279323
457	0.627993
458	0.6294949
459	0.6313554
460	0.63142955
461	0.6320359
462	0.6322569
463	0.63230526
464	0.6323875
465	0.6329554
466	0.63305795
467	0.6333581
468	0.6334118
469	0.6340565
470	0.63420004
471	0.63440514
472	0.63466346
473	0.6347725
474	0.6351575
475	0.63541335
476	0.63558483
477	0.6358671
478	0.6361876
479	0.6362993
480	0.63658965
481	0.63787615
482	0.63841784
483	0.6384194
484	0.6386118
485	0.6386447
486	0.63870555
487	0.63887024
488	0.63939685
489	0.63959235
490	0.63975286
491	0.6399947
492	0.64155084
493	0.6419608
494	0.64207643
495	0.643554
496	0.6438002
497	0.6438909
498	0.6443005
499	0.64573777
500	0.64727265
501	0.6493417
502	0.6494004
503	0.652454
504	0.6564223
505	0.65930426
506	0.6637601
507	0.66545904
508	0.6753791
509	0.6762428
510	0.6790191
511	0.6819261
512	0.6931452
513	0.70079255
514	0.70083743
515	0.705826
516	0.7072635
517	0.7089651
518	0.7124368
519	0.7134096
520	0.7139445
521	0.7161682
522	0.7167508
523	0.71679866
524	0.7175812
525	0.7176468
526	0.7184991
527	0.7191471
528	0.7208461
529	0.7213712
530	0.7218201
531	0.72190505
532	0.7225042
533	0.7225733
534	0.722957
535	0.7247646
536	0.7248325
537	0.7251913
538	0.725394
539	0.7264894
540	0.7280688
541	0.7285317
542	0.7288205
543	0.730446
544	0.7315809
545	0.73234034
546	0.73310953
547	0.73812574
548	0.74003786
549	0.7414065
550	0.743533
551	0.74413425
552	0.74488205
553	0.7486784
554	0.74908423
555	0.7503436
556	0.7507583
557	0.7520309
558	0.7521244
559	0.7540346
560	0.75525373
561	0.7554701
562	0.7577514
563	0.75888425
564	0.7590476
565	0.7594282
566	0.7595246
567	0.76092774
568	0.7615156
569	0.7615192
570	0.7628231
571	0.7633153
572	0.7635876
573	0.7641503
574	0.76428175
575	0.7663387
576	0.7668906
577	0.76712596
578	0.76730347
579	0.76743066
580	0.7682075
581	0.76847404
582	0.7684917
583	0.76878995
584	0.7693479
585	0.7693921
586	0.77052486
587	0.77058905
588	0.77100724
589	0.77114534
590	0.7715005
591	0.7715725
592	0.7722957
593	0.7730043
594	0.773133
595	0.7731852
596	0.7736552
597	0.77373445
598	0.7744861
599	0.7745012
600	0.77451384
601	0.7748551
602	0.77492344
603	0.774926
604	0.77516305
605	0.77568203
606	0.77625644
607	0.776562
608	0.77659744
609	0.7766025
610	0.77675915
611	0.7772739
612	0.77765936
613	0.7778359
614	0.7786015
615	0.7786162
616	0.7795116
617	0.78043383
618	0.78641266
619	0.7889727
620	0.7895783
621	0.7900896
622	0.7904991
623	0.79071325
624	0.7999046
625	0.80455464
626	0.8052473
627	0.807255
628	0.808165
629	0.81099886
630	0.8110054
631	0.8112948
632	0.81603444
633	0.8166755
634	0.81717956
635	0.8177355
636	0.8178755
637	0.8180104
638	0.82058936
639	0.8207897
640	0.8234078
641	0.8234349
642	0.8239319
643	0.82547003
644	0.8258623
645	0.8265154
646	0.82707345
647	0.82807153
648	0.8283625
649	0.82850343
650	0.8287099
651	0.8295153
652	0.8300923
653	0.83059734
654	0.8307258
655	0.83202463
656	0.8320653
657	0.833155
658	0.83322656
659	0.8334228
660	0.8336573
661	0.83370495
662	0.8339396
663	0.83424956
664	0.8344209
665	0.83518493
666	0.8358684
667	0.8359982
668	0.836564
669	0.83658093
670	0.83669674
671	0.8369263
672	0.8369824
673	0.83786565
674	0.8383228
675	0.83905923
676	0.83907276
677	0.83951676
678	0.8404042
679	0.84092236
680	0.8414145
681	0.8418468
682	0.8447463
683	0.8454049
684	0.8458962
685	0.8459278
686	0.8485139
687	0.8490692
688	0.8511012
689	0.85661125
690	0.85722226
691	0.8588222
692	0.8595139
693	0.8607738
694	0.8611586
695	0.8611708
696	0.86132467
697	0.8616315
698	0.8617383
699	0.86219865
700	0.86385393
701	0.8640748
702	0.8648179
703	0.8652579
704	0.8656581
705	0.86595803
706	0.8665837
707	0.8666054
708	0.86741054
709	0.86756915
710	0.8677036
711	0.86826515
712	0.8686586
713	0.86867404
714	0.8693432
715	0.86957836
716	0.86964595
717	0.8700705
718	0.8701193
719	0.8704255
720	0.87108725
721	0.8713512
722	0.8721093
723	0.872597
724	0.87289536
725	0.8732101
726	0.8739166
727	0.8743996
728	0.87472296
729	0.8753767
730	0.87626195
731	0.87674075
732	0.8776438
733	0.8778171
734	0.8787451
735	0.87892574
736	0.8793033
737	0.8794006
738	0.87955
739	0.88030887
740	0.8805071
741	0.88063973
742	0.8818279
743	0.8823027
744	0.8823509
745	0.88255364
746	0.88295764
747	0.8833001
748	0.88429254
749	0.8877096
750	0.8879909
751	0.8881261
752	0.8883309
753	0.8898161
754	0.8905495
755	0.89099103
756	0.8935875
757	0.89598095
758	0.89743125
759	0.8977196
760	0.897934
761	0.89978474
762	0.9001145
763	0.90020233
764	0.90152454
765	0.9028011
766	0.90304863
767	0.9031146
768	0.90454096
769	0.90465057
770	0.9063901
771	0.90778196
772	0.90778846
773	0.90784574
774	0.9091431
775	0.9120586
776	0.91209304
777	0.9127825
778	0.91329014
779	0.9137792
780	0.9138237
781	0.9142098
782	0.9143089
783	0.91450787
784	0.91485333
785	0.9160257
786	0.9161222
787	0.9165734
788	0.9170215
789	0.9177541
790	0.917839
791	0.9179397
792	0.91806936
793	0.9187891
794	0.91899866
795	0.9192014
796	0.9198243
797	0.920346
798	0.9205469
799	0.92076856
800	0.921057
801	0.9215475
802	0.92180675
803	0.92214143
804	0.922644
805	0.92279875
806	0.9229358
807	0.9229956
808	0.92312557
809	0.9234755
810	0.923794
811	0.9246846
812	0.9247069
813	0.92481446
814	0.9248737
815	0.92568374
816	0.9260494
817	0.92607886
818	0.9260889
819	0.9263018
820	0.92631835
821	0.9266964
822	0.9267746
823	0.9268518
824	0.9269912
825	0.9270059
826	0.9275012
827	0.92780954
828	0.92787325
829	0.9280924
830	0.92833143
831	0.92839307
832	0.9296326
833	0.9296834
834	0.9306658
835	0.93123007
836	0.9316044
837	0.9316417
838	0.9318601
839	0.93205273
840	0.9322498
841	0.932493
842	0.93271774
843	0.9331115
844	0.9331483
845	0.9334121
846	0.93365216
847	0.9340491
848	0.9341862
849	0.934282
850	0.93451566
851	0.9350893
852	0.93513453
853	0.93548644
854	0.9357203
855	0.9359237
856	0.9359687
857	0.93625236
858	0.9362841
859	0.9363104
860	0.9364785
861	0.9366455
862	0.9367483
863	0.9375982
864	0.93784076
865	0.9380531
866	0.93811274
867	0.9387058
868	0.9387327
869	0.93876153
870	0.93913645
871	0.93923336
872	0.9398492
873	0.93989426
874	0.9408254
875	0.9412281
876	0.9419509
877	0.94251126
878	0.942541
879	0.9430907
880	0.94352895
881	0.94428945
882	0.9443608
883	0.94439864
884	0.9453125
885	0.9459684
886	0.9463196
887	0.94641834
888	0.947003
889	0.94822216
890	0.9486527
891	0.9491279
892	0.9495707
893	0.94976
894	0.9506554
895	0.9508674
896	0.95184296
897	0.9522078
898	0.9522162
899	0.95281327
900	0.9529256
901	0.95348275
902	0.9536396
903	0.95422673
904	0.954237
905	0.9553555
906	0.9554318
907	0.95583874
908	0.9564791
909	0.9566366
910	0.9576003
911	0.95855725
912	0.9593866
913	0.95991826
914	0.9602861
915	0.96030724
916	0.96061265
917	0.96068764
918	0.9611205
919	0.96142286
920	0.9619586
921	0.9623169
922	0.96252286
923	0.9627994
924	0.9628082
925	0.9636278
926	0.96369123
927	0.9637661
928	0.9638016
929	0.9639349
930	0.96399444
931	0.9642375
932	0.96458924
933	0.9647368
934	0.96516395
935	0.9656417
936	0.9658565
937	0.96660155
938	0.96686447
939	0.96705616
940	0.96707463
941	0.9671746
942	0.9681676
943	0.9684922
944	0.96852756
945	0.9687406
946	0.9690964
947	0.96949005
948	0.9696693
949	0.9709902
950	0.9714471
951	0.972318
952	0.9736287
953	0.9743554
954	0.97492695
955	0.9757922
956	0.9759117
957	0.9766992
958	0.97762406
959	0.978418
960	0.97996366
961	0.98049545
962	0.9808939
963	0.9821481
964	0.98289967
965	0.9829359
966	0.9833311
967	0.9837788
968	0.98405635
969	0.9843389
970	0.9843513
971	0.9845333
972	0.9854583
973	0.9857395
974	0.9867939
975	0.98752147
976	0.9886192
977	0.9888231
978	0.9894078
979	0.98990136
980	0.99102247
981	0.99104214
982	0.99118125
983	0.9914473
984	0.9914515
985	0.99286324
986	0.9935506
987	0.99367046
988	0.9937069
989	0.99399096
990	0.99399436
991	0.9947104
992	0.9956615
993	0.99612916
994	0.99771863
995	0.99797755
996	0.99865055
997	0.99894667
998	0.9993264
999	1.0
