0.6759144332718358	-1.5448186749546948	0.17382669774476875	-0.5585191603829215	0.21335210812108188	0.17918273738850254	-0.004828906800081096	-0.02150955170168717	-1.7145198572799434	-1.7359318517384552
-0.2082295406011149	0.9644079981671982	0.10302111561587358	0.5248996090082525	-0.05836134651200552	-0.042434228793962046	0.05036439645149858	0.058284377096076784	1.1259029600164199	1.1051123475599036
0.6022298008884561	-1.2198386216484371	0.20506144953803584	-0.38454142354805904	0.19245460338779366	0.16374117369662478	0.011363475099846329	-0.0026073172453973683	-1.3360343280732432	-1.363890179433527
0.40688997749148004	-0.5771206873457723	0.21773188775266966	-0.08136873841483008	0.13375522185766364	0.11708655794044431	0.032396414232304035	0.024363738164671196	-0.60039293649721	-0.6330640832272364
0.2335071215047187	-0.526319914942021	0.06241266104257014	-0.18763018615304575	0.07381750369798379	0.06209450061597802	-0.0009312010674927167	-0.006651899520165209	-0.5832994214088156	-0.5911095711983382
0.2141143590617217	-0.4765967602018751	0.05915634933874662	-0.16770486321646225	0.06777762330843672	0.057094684119120116	-0.0002522991912361639	-0.00546366375303999	-0.5274999227692596	-0.5349985139725548
0.128904738576614	-0.24573812575548348	0.04881673155511461	-0.07121275452150617	0.04142576076040323	0.03544961959775074	0.003969479262762065	0.0010665579051312144	-0.26717450991687525	-0.2739982598065395
0.1198337375535243	-0.22222497497368407	0.04737533477804661	-0.061708425133539496	0.03860444141299031	0.033117611803417844	0.004312556334598702	0.001649328954679574	-0.24076211473997255	-0.2474544317822155
-0.07910324082198453	0.7785017106822198	0.17123441333308137	0.49708565734494803	-0.015955783559141568	-0.005348940721259757	0.06036948865248291	0.06572460555840645	0.9319947595602532	0.9009905671437158
-0.17544997381882824	0.9713174595162323	0.13767859007352362	0.5569170808879832	-0.046780570465487364	-0.03160590615503661	0.058317580853243955	0.0658944801351085	1.1428771443567414	1.1164605078129388
