0.5533404876371459	-1.5127372256902791	0.16547536830858345	-0.6518355830985989	0.10929663735957336	0.1139557126731322	-0.12839155976660596	-0.10675567520363213	-1.8565497753117561	-1.7589731625628013
-0.13669938852703503	0.933007074124566	0.09822369040462295	0.5680299687383843	-0.0030154064636048346	-0.004491634908502604	0.12197455210240264	0.10961751618298704	1.1907864454009343	1.1022109290543425
0.5077127273167437	-1.2488954479178769	0.18642717884445814	-0.49686069251023535	0.10624969986169863	0.11044370444619718	-0.09535673746693293	-0.07724889612845931	-1.5213695937822735	-1.447873452202291
0.3495054349182215	-0.5484894644405924	0.2057442513032673	-0.1155457970068252	0.0864891692661795	0.0891953012734722	-0.01541639974445872	-0.006853205969459747	-0.6398738229003927	-0.6251562867242999
0.1683087884108363	-0.43614146808291415	0.05629793290072268	-0.18081356623660402	0.03427324103478126	0.035676437569953166	-0.03518199036851759	-0.02890174867254501	-0.5333059912858634	-0.5063910756957749
0.17216769147087083	-0.4470162742190753	0.05737104091669353	-0.1855960286167095	0.03502150954484327	0.036457386808067066	-0.03612985580242581	-0.02969465158034847	-0.5466789967930251	-0.5190461089062368
0.09366664077056566	-0.16581220048300568	0.05045863779655317	-0.04466006043628841	0.0223718620008909	0.023108041991822308	-0.007168364289861812	-0.0046375183324340145	-0.1961185428713896	-0.19000509416196146
0.09805077826927892	-0.18480969718369927	0.05002572995567177	-0.05492721849651137	0.022937108858580132	0.02371428040157047	-0.009317181101847184	-0.0065270016497894785	-0.22000705207315782	-0.21231222528279453
-0.05526567441773154	0.8832239592592357	0.16556433360789757	0.5978783117783926	0.020481952626183422	0.019590879715681186	0.13097197564409685	0.11963206516465467	1.1438200205052913	1.0496810657333147
-0.11630475563530136	0.9856244441959052	0.13127629174329541	0.6228678030121392	0.005660598578342364	0.0042930717825516215	0.13473104993338575	0.1218127563370859	1.2642229842862371	1.1667517633483433
