16.33525754146399	1.76047798586553	-20.507985293644822	9.73651958535266	5.240274281943224	-18.180090308269037	-2.498154804119263	-8.932406991997349	15.810020457655092	-20.99314103868113
-11.549509133663976	1.2176536618611518	15.23889028249004	-7.179102902077153	-2.1106473385438504	9.376750061206872	0.8273129757239887	5.9577814635530695	-5.650171284505082	7.78587504686612
22.408165588887687	10.518700677395497	-26.08196590683817	15.760093140209964	12.666160872102108	-45.93392885354932	-8.274017719436324	-11.519099577858674	52.49310591352448	-71.13121167760526
-31.655466458992304	-2.497376444091815	44.7751619172494	-19.101075203689334	-8.882920659991495	27.509866235415977	1.2420977358855612	13.012914041769111	-28.43832058209951	26.39297170281983
7.879297262794254	-7.925630540294358	-9.354248704838644	1.3948404675602113	-7.414570130361776	14.584052694760189	2.2373987851499733	-0.21068821871073515	-23.49141031586623	32.566464627615
6.22072743265628	-4.415021518155365	-7.3514447981969395	1.415410907930041	-2.3301283334631746	8.845390685277895	1.8040525144816582	-4.0236589570591965	-17.164446617769546	22.927097115373464
17.181135402656416	-1.3576760198500732	-23.02499264580674	11.989243611135247	3.381008162204643	-14.76728887511784	-0.9986642466993502	-7.098135891944355	12.293070717614052	-14.442266725805267
17.716084832406416	2.7088410202089848	-23.989718255689645	13.582073965570313	9.745207959826338	-23.53197636977384	-1.6899268636093965	-12.482264066369584	21.5578340251021	-27.682891166589428
8.624300932336418	4.650518068841202	-12.62249519746004	10.811148381850874	9.227176158569128	-24.892311972961313	-2.334742932471273	-5.783343049522184	30.318731453176834	-39.57462062541945
-9.880985599810801	2.742838078991874	12.432821751587744	-3.056350505821852	1.141698454424687	-1.855470620292942	-0.48487424748217983	5.008446346522595	8.53589715005426	-12.317851262301241
