1.1415390142211665	-1.3990669759175594	0.7617218712277863	-1.4137635107719742	-1.4099308468890157	-1.2078109485525157	-0.25303530381788775	-0.06369336934222461	-0.7988748306732468	-0.8155773383554531
-0.6932637335265108	1.947284808745195	-0.7675191231671705	1.1170444224274791	1.4008168130593568	1.1728034438388601	-0.06336536513278102	-0.27042773618372934	0.6418302901863823	0.937083486666415
0.45936389779083914	-4.131550574008963	1.6286665627636032	-0.6840297350300304	-2.0335832095946786	-1.628101287923421	0.9031630596737507	1.255554789942072	-0.3982648150758212	-1.5414970391421996
1.473628199301619	-3.3711697294523715	2.008933247347904	-0.8861567106301829	-2.0369070013501167	-1.6604384985050218	0.5204712929126246	0.8528497554279086	-0.48878330287865035	-1.2910906151322776
2.784409438481805	1.2438049449547164	0.6894057586876116	-2.0617072911707415	-0.9922457796530081	-0.9556256708338293	-1.4208690225148477	-1.3610287816555346	-1.1294941038453208	-0.03977268819496565
2.3815956117735437	0.830697157421669	0.6791347648387112	-1.7641141179302813	-0.9415246935720835	-0.8892113130074852	-1.1468396669891443	-1.077842991611568	-0.9671515822848896	-0.11128421947689908
0.2248647432008729	-2.158397654883523	0.9400085290829633	-0.13375082095681826	-0.9624215593655765	-0.757177197157093	0.5647177221125578	0.740795074258149	-0.07869448739161039	-0.7401233230367952
-0.1186370408227144	-2.469212583063738	0.9128228920287714	0.11456939908417572	-0.9050493671793018	-0.6900077382953532	0.7839292299183164	0.9648319981405	0.05667020542355394	-0.7890325572925295
-2.461042425338167	-4.025207748710325	0.8203368553847592	2.493313389133936	0.0030176301943970925	0.21610672572726483	2.394516340454292	2.5426406383669726	1.3831287665717085	-0.7307810275489286
-2.2016929082448797	-1.944514619505206	0.11634876808414155	2.275056708105551	0.679007543538268	0.7194918146614523	1.6720773868310783	1.6767459594995862	1.2683729955388925	-0.0927992591881794
