TE,0,1,2,3,4,5,6,7,8
0,0.0,0.06591981124961493,0.027555685310599445,0.10201914236704716,0.1335252422617488,0.023371705810576657,0.05043239662743461,0.03521864904595701,0.01339098114856489
1,0.042542906146850856,0.0,0.042879269072821774,0.08711627363067073,0.09298487186497315,0.035258656869523605,0.06405453938416332,0.037475195401385865,0.03974050109783768
2,0.05266590128158255,0.0665648004030441,0.0,0.0917508673242019,0.08428816938498027,0.02244567816174125,0.048692292316934706,0.055387339188897114,0.019221603525843265
3,0.0471608813418858,0.054951331199120754,0.05564584957484131,0.0,0.14269769595402482,0.040731275540303716,0.05129818235404366,0.04836267616614044,0.02239849681637985
4,0.07220112245672614,0.06803674793067907,0.038036278104873186,0.14838788281499926,0.0,0.04127484859850382,0.04805799771252782,0.04270547400927092,0.017103524119741746
5,0.06918028291527414,0.04870763183190821,0.043238800315327806,0.11574860816013853,0.15946846486298122,0.0,0.0807780802546906,0.04199952769032581,0.026582257888794588
6,0.06726383435253765,0.04318943726048852,0.0448277451649875,0.08869446686953339,0.16220248707322826,0.045050084117196215,0.0,0.055338169018748815,0.016139891669263405
7,0.05000125932647109,0.012603569486332683,0.04766336072452369,0.09653761846793299,0.14201813554908838,0.047507971519946804,0.042330833990385563,0.0,0.01987280453626906
8,0.042769775348117364,0.04554469256629591,0.023035181666878526,0.10972548306293788,0.14771773418773637,0.03825179655784449,0.05560086025199183,0.06996688699319534,0.0
