TE,0,1,2,3,4,5,6,7,8
0,0.0,0.06703229702734663,0.03272617373124675,0.07249513487001634,0.09264882515811663,0.011991792263658391,0.024727006596146815,0.02676615588848561,0.02045124090014425
1,0.05807766293321848,0.0,0.04207441541270961,0.07685274514616547,0.06468250479967605,0.02547610967578289,0.019737228044914113,0.025789775554386305,0.050051462395408516
2,0.05627519857328191,0.06852884046603278,0.0,0.07190282555511292,0.044864051964781035,0.022169401976925875,0.030364743124526576,0.03175639278399294,0.030488993878174803
3,0.07248339916318614,0.056584709024654775,0.04826781834952825,0.0,0.0938628794185667,0.03166684530589459,0.033540799527931736,0.03954132467789288,0.05118962833250027
4,0.10100010908215049,0.07164019260822296,0.04062983444027339,0.13252420688714703,0.0,0.03319653561882405,0.027622845775904518,0.037117296979294084,0.04683115294496311
5,0.06147414839613417,0.05627525907556109,0.041899268689844935,0.10058360913814005,0.1136366470500978,0.0,0.056147067816217394,0.0423528710698724,0.027987617872704162
6,0.06251615092669588,0.03434849915862128,0.043100863998565546,0.07840102310614327,0.0919526621615685,0.05579070531378278,0.0,0.06047228688587967,0.024225978366076942
7,0.05898799001383835,0.028601570390814818,0.03367424688174694,0.08672090823324691,0.10226687926608034,0.05003900776132543,0.03984276149873254,0.0,0.024125218453803558
8,0.05649092775679932,0.062278779357449736,0.0380027081602185,0.11137936366584794,0.12135483338140314,0.03618673447627994,0.03675982051687548,0.060366580223455715,0.0
