TE,0,1,2,3,4,5,6,7,8
0,0.0,0.0643050163577347,0.03730833684970671,0.0631327175051412,0.04561130983314546,0.016112609229616257,0.02833326655151374,0.020394197566032005,0.02292522403376794
1,0.056831857871332506,0.0,0.04628900660337978,0.0661587682630716,0.03955536786523029,0.022289111690675607,0.026418286279960495,0.0226804395252208,0.05185667736087919
2,0.05348318268637321,0.04858943717597996,0.0,0.06635028173083694,0.01925529632689883,0.02127841949375276,0.028637487095127263,0.029460710197284606,0.04488111967903469
3,0.06363712403735924,0.053498863037056796,0.04889321635466028,0.0,0.04436604499596694,0.03178947275359998,0.03867729246952546,0.04372605042294182,0.05310747986306949
4,0.08611362612186729,0.0733960992179098,0.04345352728533386,0.10657816541768836,0.0,0.03658092068646581,0.040009522961831835,0.03325293781031518,0.05161546249312221
5,0.05596714505820424,0.05578326114586568,0.05112670471642959,0.09046335224566321,0.0188287839923717,0.0,0.08259197507846112,0.05118718577268372,0.03898315705943992
6,0.05134243118547249,0.03656531872842366,0.028353752879372415,0.07916871538321295,0.02103368694089581,0.058260063432770945,0.0,0.06892112469392339,0.03524422731811913
7,0.055706596012276614,0.018185042614605983,0.022238638547878213,0.0869820449694784,0.018791261918554226,0.05916793364533124,0.05633362687543746,0.0,0.03189522366394505
8,0.04816895403524598,0.046096422620096125,0.0385030591853481,0.09111404824838815,0.04231136484960221,0.02735685542551704,0.05596078101583543,0.06538364259750161,0.0
