TE,0,1,2,3,4,5,6,7,8
0,0.0,0.05964998681063221,0.036952954356795964,0.06913546868120715,0.02697156413813894,0.018225614926027024,0.024570981007101,0.01927729448654827,0.021505076239323358
1,0.04628323945524547,0.0,0.052928050756095274,0.06119025628573514,0.019010177682129963,0.031420747806614566,0.0205032541721409,0.020672033565648743,0.047029003802325595
2,0.045794835245730414,0.04332403814778499,0.0,0.0666047633114751,0.015250983381097975,0.028736436561318066,0.022891897778564124,0.028286532768440384,0.04401808185036332
3,0.06161859015008383,0.03905857049751027,0.06142064844850472,0.0,0.022187803671773768,0.028733626643095,0.039578551454124894,0.04678402433833152,0.05331721672088316
4,0.07656526910509046,0.07191138195338412,0.06414535050699618,0.09045646725846421,0.0,0.03890630026843034,0.04085947903145084,0.03107382094365478,0.04870790951443495
5,0.0403652741282896,0.04908613690568259,0.05719815398953573,0.0872395863390677,0.0122185640247996,0.0,0.06800963434756374,0.058083314123718144,0.04306759146203635
6,0.044326005996223224,0.03333641452119572,0.028412999944557295,0.08314672914365259,0.008304930632449201,0.05331306107906128,0.0,0.05100921418556535,0.04648384988148812
7,0.046216440486759686,0.02429924547798742,0.019570571619698808,0.09046382108318632,0.006620211350257699,0.05971770203053216,0.050234740835136696,0.0,0.03190498821664799
8,0.04341190459264169,0.04286295017221245,0.03819797349710964,0.09326895228132084,0.021393414082937365,0.029348512506967645,0.049944248756576035,0.06488179943697656,0.0
