TE,0,1,2,3,4,5,6,7,8
0,0.0,0.05976132526467143,0.04469648872863466,0.07389395095468503,0.037449921217828475,0.019997671536344186,0.02692729539496205,0.020162324072619416,0.02327250328679066
1,0.057015783056658345,0.0,0.05553129843494605,0.06233457065594268,0.024869692399785467,0.02966118387772331,0.026530631408255213,0.02209102925071287,0.04841916756295786
2,0.050518018020117225,0.05042122949205594,0.0,0.05597153245064886,0.023079499791696927,0.029214690147830666,0.027840541062410927,0.02927353027735123,0.047982469012836704
3,0.06005977571340135,0.04581397521809785,0.06115421340952888,0.0,0.03207220666367377,0.028769166999146646,0.042528937366103,0.04868009622150089,0.05231369419201048
4,0.08026783916583609,0.06653223700885712,0.05665604674874249,0.10838788838443542,0.0,0.04199164025830355,0.046356620207986865,0.02759587160947525,0.04805765188936621
5,0.05300814827521655,0.05866632800708462,0.06011799916294939,0.0893530154184684,0.011799682031781578,0.0,0.07524330792476404,0.055785490704734465,0.0390312578311964
6,0.04872417429600507,0.03548097465637095,0.034859490599827465,0.08732747523588172,0.008381038556160951,0.06060215220322676,0.0,0.06694464340536366,0.03405964455695393
7,0.05235569971087578,0.02379037618919462,0.020716089592717632,0.08023075306928426,0.011082591634657735,0.05787415042183039,0.059208175006151914,0.0,0.034195753113559775
8,0.046681870923453384,0.0501339845394802,0.043239696846693994,0.08053130601430109,0.030016683670331674,0.02982719255376187,0.05298749905897618,0.059832055366390656,0.0
