TE,0,1,2,3,4,5,6,7,8
0,0.0,0.0550089857934373,0.04046199286866197,0.08693113494787176,0.10019809258184553,0.011996153075513705,0.01993962815978724,0.031949909419067016,0.014967145003493065
1,0.048400615024061414,0.0,0.03128381795290437,0.06761517071699491,0.07869656912704664,0.014677690042974204,0.016393928325115627,0.038473677622544514,0.039074804582632613
2,0.046846102987142896,0.06794332335811137,0.0,0.07145710311894854,0.09269646046639392,0.008165105652082822,0.022710709252400305,0.0443903106139813,0.023771232372211345
3,0.06222990322507496,0.04873784086340881,0.04798126552189792,0.0,0.10804400691655625,0.021116050919809615,0.02644058825001082,0.049052713212068624,0.03702117227061021
4,0.0848004464288419,0.0666274791115224,0.03501303924496121,0.1195935913450144,0.0,0.021295428103215854,0.015780012217836994,0.031717440497045335,0.044586706665368375
5,0.04335672408585373,0.042064075343687946,0.04742630690758187,0.06684424889222756,0.08375778164115694,0.0,0.05977048506810034,0.0295757525099892,0.020944931787519515
6,0.051751719348929845,0.02813941605914226,0.04956382125170962,0.05292707647478989,0.10507824808039802,0.03440764744961359,0.0,0.054419634362894036,0.004753465209476964
7,0.0419409415020614,0.03373670861181691,0.05839093035742257,0.061477798808334,0.09424780911935297,0.02424860703391677,0.03815251724291939,0.0,0.015616326430990089
8,0.03359518150589104,0.04917038999294741,0.034106187016969935,0.07440220779929428,0.09582584875097845,0.023185086654738923,0.03576747998015162,0.06404987031425821,0.0
