TE,0,1,2,3,4,5,6,7,8
0,0.0,0.06551895360194422,0.039495134267727515,0.10544500055820519,0.036807065558028235,0.01458448929349731,0.013277684150847985,0.04014055453651693,0.02090851455078695
1,0.059367860744255846,0.0,0.044427604290904345,0.07748967506758504,0.04104551379940176,0.013901636743770644,0.0211208737709423,0.05353649897943773,0.03554706913482231
2,0.05498471662669656,0.08004327952260418,0.0,0.09142878006370671,0.06312299455363515,0.010448065449267107,0.027155231656217395,0.06275156162434797,0.0232610537309252
3,0.06899054963467767,0.053167352008708965,0.061351801349071214,0.0,0.055100429591628475,0.014599694401138633,0.022422299264063056,0.05801118748437055,0.04053528591683815
4,0.0778584437981639,0.07797513532772421,0.05117462775763855,0.1514692856541472,0.0,0.03330220813258686,0.00820436744736628,0.04169256490188817,0.04667255759427376
5,0.030293885047260157,0.03745286174370066,0.05616857570527044,0.05833467208197582,0.05091082939809193,0.0,0.06400692154326612,0.052911943654303115,0.0320714587808979
6,0.026469331256601544,0.030487386370412324,0.06108001304205623,0.04611678047949473,0.04904754350616333,0.041309641416118134,0.0,0.05819884491534277,0.012073047082167361
7,0.01116790842170333,0.03981758184902452,0.05966980732052675,0.046861792370850516,0.05072726179087567,0.027624349695148667,0.0451738381618213,0.0,0.021187139533110917
8,0.0249139150505338,0.046994083706117906,0.038910116529020225,0.08623385256374842,0.054592443072342595,0.030753559086120694,0.04193829052954716,0.08118199449666534,0.0
