TE,0,1,2,3,4,5,6,7,8
0,0.0,0.06586373771810966,0.02474571695884134,0.07735116436345096,0.05043434978164664,0.02241117320234341,0.04900400989394476,0.020569889452074087,0.014551122267838803
1,0.0661316770605738,0.0,0.04490965863332403,0.08625200533455094,0.05702942532605575,0.04024516955664381,0.04411704021133474,0.02117218977136931,0.048603304369567904
2,0.03697827973863018,0.045778944018350184,0.0,0.08118557920701346,0.03742239336710694,0.029376170115395256,0.05459382070117714,0.03242713730279954,0.0251646324450716
3,0.056030272048123934,0.060870907967464485,0.050947329436499975,0.0,0.06552180450836738,0.03628980100925238,0.04931114280291231,0.04781805682389496,0.03670409165459365
4,0.07666549481027932,0.07089920059827948,0.03469729560187115,0.1219535613422454,0.0,0.05332681319618185,0.06598129978835957,0.0313327080720981,0.026922889667825047
5,0.06325989743663832,0.06532193637739486,0.04766894633358316,0.12383889545738558,0.05991890549026059,0.0,0.07569715564579749,0.0515044290308226,0.03012826670212733
6,0.06425203154898637,0.04138228534446842,0.03424156501255244,0.09075496483054932,0.05741054922076664,0.06517234338298361,0.0,0.06605098862064812,0.02577187289846399
7,0.04384593663120449,0.014401735348483102,0.022874533599953138,0.0878748865755627,0.04707115876960561,0.05546440711067373,0.0392807972268841,0.0,0.026329229776756478
8,0.040877677244172336,0.040385188670827056,0.0175404259119015,0.10587631820344345,0.05311588135618614,0.037075873809693946,0.05453985043735084,0.05671474992496707,0.0
